(0 62 61 1 0)
(1 67 64 1 0)
(2 67 64 1/2 0)
(5/2 67 64 1/2 0)
(3 69 65 1 0)
(4 67 64 1/2 0)
(9/2 69 65 1/2 0)
(5 71 66 1 0)
(6 67 64 2 0)
(8 62 61 1 0)
(9 67 64 1 0)
(10 67 64 1/2 0)
(21/2 67 64 1/2 0)
(11 69 65 1/2 0)
(23/2 69 65 1/2 0)
(12 67 64 1/2 0)
(25/2 69 65 1/2 0)
(13 71 66 1 0)
(14 67 64 2 0)
(16 69 65 1 0)
(17 74 68 1/2 0)
(35/2 74 68 1/2 0)
(18 74 68 1/2 0)
(37/2 74 68 1/2 0)
(19 74 68 1 0)
(20 74 68 1/2 0)
(41/2 74 68 1/2 0)
(21 76 69 1/2 0)
(43/2 74 68 1/2 0)
(22 72 67 1/2 0)
(45/2 71 66 1/2 0)
(23 69 65 3/2 0)
(49/2 67 64 1/2 0)
(25 66 63 1/2 0)
(51/2 67 64 1/2 0)
(26 69 65 1/2 0)
(53/2 69 65 1/2 0)
(27 69 65 1/2 0)
(55/2 72 67 1/2 0)
(28 72 67 1/2 0)
(57/2 72 67 1/2 0)
(29 74 68 1/2 0)
(59/2 72 67 1/2 0)
(30 71 66 1/2 0)
(61/2 69 65 1/2 0)
(31 67 64 1 0)
(32 62 61 1/2 0)
(65/2 67 64 1 0)
(67/2 66 63 1/2 0)
(34 64 62 1/2 0)
(69/2 69 65 1 0)
(71/2 71 66 1/2 0)
(36 69 65 1/2 0)
(73/2 67 64 1 0)
(75/2 62 61 1 0)
(77/2 62 61 1/2 0)
(39 67 64 1 0)
(40 66 63 1/2 0)
(81/2 64 62 1/2 0)
(41 69 65 1 0)
(42 71 66 1/2 0)
(85/2 69 65 1/2 0)
(43 67 64 1 0)
(44 62 61 1 0)
(45 71 66 1/2 0)
(91/2 71 66 1/2 0)
(46 71 66 1/2 0)
(93/2 71 66 1/2 0)
(47 71 66 1/2 0)
(95/2 71 66 1/2 0)
(48 67 64 1/2 0)
(97/2 71 66 1/2 0)
(49 71 66 1/4 0)
(197/4 71 66 1/4 0)
(99/2 71 66 1/2 0)
(50 72 67 1/2 0)
(101/2 71 66 1/2 0)
(51 69 65 1 0)
(52 69 65 1/2 0)
(105/2 69 65 1/2 0)
(53 69 65 1/2 0)
(107/2 69 65 1/2 0)
(54 69 65 1/2 0)
(109/2 71 66 1/2 0)
(55 69 65 1/2 0)
(111/2 67 64 3/4 0)
(225/4 71 66 1/4 0)
(113/2 69 65 1/2 0)
(57 69 65 1/2 0)
(115/2 64 62 1/2 0)
(58 66 63 1/2 0)
(117/2 67 64 1 0)
(119/2 62 61 1/2 0)
(60 62 61 1/2 0)
(121/2 67 64 1 0)
(123/2 71 66 1/2 0)
(62 69 65 1/2 0)
(125/2 71 66 1 0)
(127/2 69 65 1 0)
(129/2 67 64 1 0)
(131/2 67 64 1 0)
(133/2 67 64 1/2 0)
(67 69 65 1/2 0)
(135/2 71 66 1 0)
(137/2 74 68 1/2 0)
(69 74 68 1/2 0)
(139/2 71 66 1 0)
(141/2 67 64 1 0)
(143/2 71 66 1 0)
(145/2 69 65 1 0)
(147/2 71 66 1 0)
(149/2 71 66 1/2 0)
(75 71 66 1/2 0)
(151/2 71 66 1/2 0)
(76 71 66 1/2 0)
(153/2 71 66 1/2 0)
(77 74 68 1/2 0)
(155/2 74 68 1/2 0)
(78 74 68 1/2 0)
(157/2 74 68 3/4 0)
(317/4 74 68 1/4 0)
(159/2 72 67 1/2 0)
(80 71 66 1/2 0)
(161/2 69 65 1 0)
(163/2 67 64 1/2 0)
(82 66 63 1/2 0)
(165/2 69 65 1/2 0)
(83 69 65 1/2 0)
(167/2 69 65 1/2 0)
(84 69 65 1 0)
(85 71 66 1/2 0)
(171/2 72 67 1/2 0)
(86 71 66 1/2 0)
(173/2 71 66 1/2 0)
(87 69 65 1/2 0)
(175/2 69 65 1/2 0)
(88 67 64 1 0)
(89 71 66 1 0)
(90 71 66 1/2 0)
(181/2 71 66 1/2 0)
(91 71 66 1/2 0)
(183/2 71 66 1/2 0)
(92 71 66 1/2 0)
(185/2 74 68 1/2 0)
(93 74 68 1/2 0)
(187/2 74 68 1/2 0)
(94 74 68 3/4 0)
(379/4 74 68 1/4 0)
(95 72 67 1/2 0)
(191/2 71 66 1/2 0)
(96 69 65 1 0)
(97 67 64 1/2 0)
(195/2 66 63 1/2 0)
(98 69 65 1/2 0)
(197/2 69 65 1/2 0)
(99 69 65 1/2 0)
(199/2 69 65 1 0)
(201/2 71 66 1/2 0)
(101 72 67 1/2 0)
(203/2 71 66 1/2 0)
(102 71 66 1/2 0)
(205/2 69 65 1/2 0)
(103 69 65 1/2 0)
(207/2 67 64 1 0)
(209/2 62 61 1/2 0)
(105 67 64 1 0)
(106 67 64 1/2 0)
(213/2 67 64 1/2 0)
(107 69 65 1 0)
(108 71 66 1 0)
(109 67 64 1 0)
(110 62 61 3/2 0)
(223/2 62 61 1/2 0)
(112 62 61 1/2 0)
(225/2 62 61 1/2 0)
(113 67 64 1 0)
(114 67 64 1 0)
(115 69 65 1 0)
(116 71 66 1 0)
(117 67 64 1 0)
(118 62 61 2 0)
(120 71 66 1 0)
(121 71 66 3/4 0)
(487/4 71 66 1/4 0)
(122 71 66 3/4 0)
(491/4 71 66 1/4 0)
(123 71 66 1 0)
(124 74 68 1 0)
(125 74 68 3/4 0)
(503/4 74 68 1/4 0)
(126 72 67 3/4 0)
(507/4 71 66 1/4 0)
(127 69 65 3/2 0)
(257/2 67 64 1/2 0)
(129 66 63 3/4 0)
(519/4 69 65 1/4 0)
(130 69 65 1/2 0)
(261/2 69 65 1/2 0)
(131 69 65 1 0)
(132 72 67 3/4 0)
(531/4 72 67 1/4 0)
(133 71 66 1/2 0)
(267/2 71 66 1/2 0)
(134 69 65 1/2 0)
(269/2 62 61 1/2 0)
(135 67 64 1 0)
(136 71 66 1 0)
(137 71 66 3/4 0)
(551/4 71 66 1/4 0)
(138 71 66 3/4 0)
(555/4 71 66 1/4 0)
(139 71 66 1 0)
(140 74 68 1 0)
(141 74 68 3/4 0)
(567/4 74 68 1/4 0)
(142 72 67 3/4 0)
(571/4 71 66 1/4 0)
(143 69 65 3/2 0)
(289/2 67 64 1/2 0)
(145 66 63 3/4 0)
(583/4 69 65 1/4 0)
(146 69 65 1/2 0)
(293/2 69 65 1/2 0)
(147 69 65 1 0)
(148 72 67 3/4 0)
(595/4 72 67 1/4 0)
(149 71 66 1/2 0)
(299/2 71 66 1/2 0)
(150 69 65 1/2 0)
(301/2 62 61 1/2 0)
(151 67 64 1 0)
(152 67 64 1/2 0)
(305/2 72 67 1 0)
(307/2 71 66 1/2 0)
(154 69 65 1/2 0)
(309/2 74 68 1 0)
(311/2 76 69 1/2 0)
(156 74 68 1/2 0)
(313/2 71 66 1 0)
(315/2 67 64 3 0)
(321/2 72 67 1 0)
(323/2 71 66 1/2 0)
(162 69 65 1/2 0)
(325/2 74 68 1 0)
(327/2 76 69 1/2 0)
(164 74 68 1/2 0)
(329/2 71 66 1 0)
(331/2 67 64 5/2 0)
(168 74 68 1/2 0)
(337/2 74 68 3/4 0)
(677/4 74 68 1/4 0)
(339/2 74 68 1/2 0)
(170 74 68 1/2 0)
(341/2 74 68 3/2 0)
(172 79 71 1/2 0)
(345/2 78 70 3/4 0)
(693/4 78 70 1/4 0)
(347/2 76 69 1/2 0)
(174 74 68 1/2 0)
(349/2 72 67 3/2 0)
(176 72 67 1/2 0)
(353/2 72 67 1/2 0)
(177 72 67 1/2 0)
(355/2 72 67 1/2 0)
(178 72 67 1/2 0)
(357/2 74 68 1/2 0)
(179 72 67 1/2 0)
(359/2 72 67 1/2 0)
(180 72 67 1/2 0)
(361/2 74 68 1/2 0)
(181 74 68 1/2 0)
(363/2 69 65 1/2 0)
(182 69 65 1/2 0)
(365/2 71 66 3/2 0)
(184 62 61 1/2 0)
(369/2 62 61 1/2 0)
(185 67 64 1 0)
(186 67 64 3/4 0)
(747/4 67 64 1/4 0)
(187 69 65 1 0)
(188 71 66 3/4 0)
(755/4 69 65 1/4 0)
(189 67 64 1 0)
(190 62 61 2 0)
(192 62 61 1/2 0)
(385/2 67 64 1 0)
(387/2 67 64 3/4 0)
(777/4 67 64 1/4 0)
(389/2 69 65 3/4 0)
(781/4 69 65 1/4 0)
(391/2 71 66 3/4 0)
(785/4 69 65 1/4 0)
(393/2 67 64 1 0)
(395/2 62 61 2 0)
(399/2 71 66 1/2 0)
(200 71 66 3/4 0)
(803/4 71 66 1/4 0)
(201 71 66 3/4 0)
(807/4 71 66 1/4 0)
(202 71 66 3/2 0)
(407/2 71 66 1/2 0)
(204 74 68 1/2 0)
(409/2 74 68 1/2 0)
(205 72 67 1/2 0)
(411/2 71 66 1/2 0)
(206 69 65 3/2 0)
(415/2 67 64 1/2 0)
(208 66 63 3/4 0)
(835/4 69 65 1/4 0)
(209 69 65 3/4 0)
(839/4 69 65 1/4 0)
(210 69 65 1 0)
(211 71 66 3/4 0)
(847/4 72 67 1/4 0)
(212 71 66 3/4 0)
(851/4 71 66 1/4 0)
(213 69 65 3/4 0)
(855/4 69 65 1/4 0)
(214 67 64 1 0)
(215 62 61 1 0)
(216 67 64 1 0)
(217 71 66 1/2 0)
(435/2 71 66 1/2 0)
(218 71 66 1 0)
(219 69 65 1 0)
(220 67 64 1 0)
(221 67 64 1 0)
(222 67 64 1 0)
(223 71 66 3/4 0)
(895/4 71 66 1/4 0)
(224 71 66 3/4 0)
(899/4 74 68 1/4 0)
(225 71 66 3/4 0)
(903/4 71 66 1/4 0)
(226 69 65 1/3 0)
(679/3 69 65 1/3 0)
(680/3 67 64 1/3 0)
(227 71 66 1 0)
(228 69 65 1 0)
(229 71 66 1 0)
(230 71 66 3/4 0)
(923/4 71 66 1/4 0)
(231 71 66 3/4 0)
(927/4 71 66 1/4 0)
(232 71 66 3/4 0)
(931/4 71 66 1/4 0)
(233 74 68 3/4 0)
(935/4 74 68 1/4 0)
(234 74 68 1/2 0)
(469/2 74 68 1/2 0)
(235 72 67 1/2 0)
(471/2 71 66 1/2 0)
(236 69 65 1 0)
(237 67 64 1 0)
(238 66 63 1/2 0)
(477/2 69 65 1/2 0)
(239 69 65 1/2 0)
(479/2 69 65 1/2 0)
(240 69 65 1 0)
(241 71 66 1/2 0)
(483/2 71 66 1/2 0)
(242 71 66 3/4 0)
(971/4 71 66 1/4 0)
(243 69 65 3/4 0)
(975/4 69 65 1/4 0)
(244 67 64 1 0)
(245 71 66 1 0)
(246 71 66 3/4 0)
(987/4 71 66 1/4 0)
(247 71 66 3/4 0)
(991/4 71 66 1/4 0)
(248 71 66 3/4 0)
(995/4 71 66 1/4 0)
(249 74 68 3/4 0)
(999/4 74 68 1/4 0)
(250 74 68 1/2 0)
(501/2 74 68 1/2 0)
(251 72 67 1/2 0)
(503/2 71 66 1/2 0)
(252 69 65 1 0)
(253 67 64 1 0)
(254 66 63 1/2 0)
(509/2 69 65 1/2 0)
(255 69 65 1/2 0)
(511/2 69 65 1/2 0)
(256 69 65 1 0)
(257 71 66 1/2 0)
(515/2 71 66 1/2 0)
(258 71 66 3/4 0)
(1035/4 71 66 1/4 0)
(259 69 65 3/4 0)
(1039/4 69 65 1/4 0)
(260 67 64 1 0)
(261 62 61 1/2 0)
(523/2 67 64 1 0)
(525/2 67 64 1/2 0)
(263 67 64 1/2 0)
(527/2 69 65 1 0)
(529/2 71 66 1 0)
(531/2 67 64 1 0)
(533/2 62 61 1 0)
(535/2 62 61 1/2 0)
(268 67 64 1/2 0)
(537/2 67 64 1/2 0)
(269 67 64 1/2 0)
(539/2 67 64 1/2 0)
(270 69 65 1 0)
(271 71 66 1 0)
(272 67 64 1 0)
(273 62 61 1 0)
(274 71 66 1/2 0)
(549/2 71 66 1/2 0)
(275 71 66 1/2 0)
(551/2 71 66 1/2 0)
(276 71 66 1/2 0)
(553/2 71 66 3/2 0)
(278 74 68 1/2 0)
(557/2 74 68 1/2 0)
(279 74 68 1/2 0)
(559/2 72 67 1/2 0)
(280 71 66 1/2 0)
(561/2 69 65 1/2 0)
(281 67 64 1/2 0)
(563/2 66 63 1/2 0)
(282 69 65 1/2 0)
(565/2 69 65 1/2 0)
(283 69 65 1/2 0)
(567/2 69 65 1 0)
(569/2 72 67 1/2 0)
(285 72 67 1/2 0)
(571/2 71 66 1 0)
(573/2 69 65 1/2 0)
(287 69 65 1/2 0)
(575/2 67 64 1 0)
(577/2 71 66 1/2 0)
(289 71 66 1/2 0)
(579/2 71 66 1/2 0)
(290 71 66 1/2 0)
(581/2 71 66 1/2 0)
(291 71 66 1/2 0)
(583/2 74 68 1/2 0)
(292 74 68 3/4 0)
(1171/4 76 69 1/4 0)
(293 74 68 3/4 0)
(1175/4 74 68 1/4 0)
(294 72 67 1/2 0)
(589/2 71 66 1/2 0)
(295 69 65 1 0)
(296 69 65 1/2 0)
(593/2 69 65 1/2 0)
(297 69 65 1/2 0)
(595/2 69 65 1/2 0)
(298 71 66 1/2 0)
(597/2 72 67 1 0)
(599/2 74 68 3/4 0)
(1201/4 72 67 1/4 0)
(601/2 71 66 1/2 0)
(301 71 66 1/2 0)
(603/2 69 65 1/2 0)
(302 69 65 1/2 0)
(605/2 67 64 1 0)
(607/2 62 61 1/2 0)
(304 67 64 1 0)
(305 67 64 3/4 0)
(1223/4 67 64 1/4 0)
(306 69 65 1/2 0)
(613/2 72 67 1/2 0)
(307 71 66 1/2 0)
(615/2 69 65 1/2 0)
(308 67 64 1 0)
(309 64 62 1 0)
(310 62 61 1/2 0)
(621/2 67 64 1 0)
(623/2 67 64 1/3 0)
(1871/6 67 64 1/3 0)
(1873/6 67 64 1/3 0)
(625/2 69 65 1 0)
(627/2 71 66 1/2 0)
(314 69 65 1/2 0)
(629/2 67 64 1 0)
(631/2 62 61 1 0)
(633/2 67 64 1 0)
(635/2 67 64 1/2 0)
(318 67 64 1/2 0)
(637/2 69 65 1 0)
(639/2 71 66 1/2 0)
(320 69 65 1/2 0)
(641/2 67 64 1 0)
(643/2 62 61 1 0)
(645/2 62 61 1/2 0)
(323 67 64 1 0)
(324 67 64 1/2 0)
(649/2 67 64 1/2 0)
(325 69 65 1/2 0)
(651/2 69 65 1/2 0)
(326 71 66 1/2 0)
(653/2 69 65 1/2 0)
(327 67 64 1 0)
(328 62 61 1 0)
(329 71 66 1 0)
(330 71 66 1/2 0)
(661/2 71 66 1/2 0)
(331 71 66 1/2 0)
(663/2 71 66 1/2 0)
(332 71 66 1 0)
(333 74 68 1/2 0)
(667/2 74 68 1/2 0)
(334 74 68 1/2 0)
(669/2 74 68 1/2 0)
(335 72 67 1/2 0)
(671/2 71 66 1/2 0)
(336 69 65 3/2 0)
(675/2 67 64 1/2 0)
(338 66 63 1/2 0)
(677/2 69 65 1/2 0)
(339 69 65 1/2 0)
(679/2 69 65 1/2 0)
(340 69 65 1 0)
(341 71 66 1/2 0)
(683/2 71 66 1/2 0)
(342 71 66 3/4 0)
(1371/4 71 66 1/4 0)
(343 69 65 1/2 0)
(687/2 66 63 1/2 0)
(344 67 64 1 0)
(345 62 61 3/4 0)
(1383/4 62 61 1/4 0)
(346 67 64 1 0)
(347 67 64 1/2 0)
(695/2 67 64 1/2 0)
(348 69 65 1 0)
(349 69 65 1 0)
(350 69 65 1 0)
(351 67 64 1 0)
(352 71 66 1/2 0)
(705/2 69 65 1/2 0)
(353 67 64 1 0)
(354 67 64 1 0)
(355 69 65 1 0)
(356 69 65 1/2 0)
(713/2 69 65 1/2 0)
(357 71 66 1 0)
(358 67 64 1 0)
(359 71 66 1 0)
(360 71 66 3/4 0)
(1443/4 69 65 1/4 0)
(361 71 66 1/2 0)
(723/2 69 65 1/2 0)
(362 67 64 1 0)
(363 69 65 1/2 0)
(727/2 71 66 1/2 0)
(364 72 67 3/4 0)
(1459/4 71 66 1/4 0)
(365 72 67 1/2 0)
(731/2 71 66 1/2 0)
(366 69 65 3/2 0)
(735/2 66 63 1/2 0)
(368 69 65 1 0)
(369 69 65 1/2 0)
(739/2 69 65 1/2 0)
(370 69 65 1 0)
(371 71 66 1/2 0)
(743/2 72 67 1/2 0)
(372 71 66 1 0)
(373 67 64 1 0)
(374 69 65 1 0)
(375 66 63 1 0)
(376 67 64 3 0)
(379 71 66 1/2 0)
(759/2 71 66 1/2 0)
(380 71 66 1/2 0)
(761/2 71 66 1/2 0)
(381 71 66 1/2 0)
(763/2 71 66 1/2 0)
(382 74 68 1/2 0)
(765/2 74 68 3/4 0)
(1533/4 76 69 1/4 0)
(767/2 74 68 1/4 0)
(1535/4 74 68 1/4 0)
(384 74 68 1/2 0)
(769/2 72 67 1/2 0)
(385 71 66 1/2 0)
(771/2 69 65 1 0)
(773/2 67 64 1/2 0)
(387 66 63 1/2 0)
(775/2 69 65 1/2 0)
(388 69 65 1/2 0)
(777/2 71 66 1/2 0)
(389 72 67 1 0)
(390 72 67 1/2 0)
(781/2 72 67 1/2 0)
(391 71 66 3/4 0)
(1567/4 71 66 1/4 0)
(392 69 65 1/2 0)
(785/2 69 65 1/2 0)
(393 67 64 1 0)
(394 62 61 1/2 0)
(789/2 67 64 1 0)
(791/2 67 64 3/4 0)
(1585/4 67 64 1/4 0)
(793/2 69 65 1/2 0)
(397 72 67 1/2 0)
(795/2 71 66 1/2 0)
(398 69 65 1/2 0)
(797/2 67 64 1 0)
(799/2 64 62 1 0)
(801/2 62 61 1/2 0)
(401 67 64 1 0)
(402 67 64 1/3 0)
(1207/3 67 64 1/3 0)
(1208/3 67 64 1/3 0)
(403 69 65 1 0)
(404 71 66 1/2 0)
(809/2 69 65 1/2 0)
(405 67 64 1 0)
(406 71 66 1/2 0)
(813/2 71 66 1/2 0)
(407 71 66 1/2 0)
(815/2 71 66 1/2 0)
(408 71 66 1/2 0)
(817/2 71 66 1/2 0)
(409 74 68 1/2 0)
(819/2 74 68 3/4 0)
(1641/4 76 69 1/4 0)
(821/2 74 68 3/4 0)
(1645/4 74 68 1/4 0)
(823/2 72 67 1/2 0)
(412 71 66 1/2 0)
(825/2 69 65 1 0)
(827/2 67 64 1/2 0)
(414 66 63 1/2 0)
(829/2 69 65 1/2 0)
(415 69 65 3/4 0)
(1663/4 71 66 1/4 0)
(416 72 67 1/2 0)
(833/2 72 67 1/2 0)
(417 72 67 1/2 0)
(835/2 72 67 1/2 0)
(418 71 66 3/4 0)
(1675/4 71 66 1/4 0)
(419 69 65 1/2 0)
(839/2 69 65 1/2 0)
(420 67 64 1 0)
(421 62 61 1/2 0)
(843/2 67 64 1 0)
(845/2 66 63 1/2 0)
(423 67 64 1/2 0)
(847/2 69 65 1 0)
(849/2 71 66 1/2 0)
(425 69 65 1/2 0)
(851/2 67 64 1 0)
(853/2 62 61 1 0)
(855/2 62 61 1/2 0)
(428 67 64 1 0)
(429 66 63 1/2 0)
(859/2 67 64 1/2 0)
(430 69 65 1/2 0)
(861/2 69 65 1/2 0)
(431 71 66 1/2 0)
(863/2 69 65 1/2 0)
(432 67 64 1 0)
(433 62 61 1 0)
(434 71 66 1/2 0)
(869/2 71 66 1/2 0)
(435 71 66 1/2 0)
(871/2 71 66 1/2 0)
(436 71 66 1/2 0)
(873/2 71 66 1/2 0)
(437 69 65 1/2 0)
(875/2 67 64 1/2 0)
(438 71 66 1/2 0)
(877/2 74 68 1/2 0)
(439 74 68 1/2 0)
(879/2 72 67 1/2 0)
(440 71 66 1/2 0)
(881/2 69 65 1 0)
(883/2 69 65 1/2 0)
(442 69 65 1/2 0)
(885/2 69 65 1/2 0)
(443 69 65 1/2 0)
(887/2 72 67 1/2 0)
(444 71 66 1/2 0)
(889/2 69 65 1/2 0)
(445 67 64 1/2 0)
(891/2 69 65 1/2 0)
(446 71 66 1/2 0)
(893/2 71 66 1/2 0)
(447 69 65 1/2 0)
(895/2 62 61 1/2 0)
(448 67 64 1 0)
(449 62 61 1/2 0)
(899/2 67 64 1 0)
(901/2 67 64 1 0)
(903/2 69 65 1 0)
(905/2 71 66 1 0)
(907/2 67 64 1 0)
(909/2 62 61 5/2 0)
(457 62 61 1/2 0)
(915/2 67 64 1/2 0)
(458 67 64 1/2 0)
(917/2 67 64 1/2 0)
(459 67 64 1/2 0)
(919/2 69 65 1 0)
(921/2 71 66 1 0)
(923/2 67 64 1 0)
(925/2 62 61 5/2 0)
(465 71 66 1/2 0)
(931/2 71 66 1/2 0)
(466 71 66 1/2 0)
(933/2 71 66 1/2 0)
(467 71 66 1/2 0)
(935/2 74 68 1/2 0)
(468 74 68 1/2 0)
(937/2 74 68 1/2 0)
(469 74 68 1/2 0)
(939/2 72 67 1/2 0)
(470 72 67 1/2 0)
(941/2 72 67 1/2 0)
(471 71 66 1/2 0)
(943/2 69 65 3/2 0)
(473 67 64 1/2 0)
(947/2 66 63 1/2 0)
(474 66 63 1/2 0)
(949/2 66 63 1/2 0)
(475 67 64 1/2 0)
(951/2 69 65 1/2 0)
(476 69 65 1/2 0)
(953/2 72 67 1/2 0)
(477 72 67 1/2 0)
(955/2 71 66 1 0)
(957/2 69 65 3/4 0)
(1917/4 69 65 1/4 0)
(959/2 67 64 1 0)
(961/2 62 61 1/2 0)
(481 67 64 1 0)
(482 67 64 1 0)
(483 69 65 1 0)
(484 71 66 1/2 0)
(969/2 71 66 1/2 0)
(485 67 64 1 0)
(486 62 61 1 0)
(487 71 66 1/2 0)
(975/2 69 65 1/2 0)
(488 69 65 1/2 0)
(977/2 69 65 1/2 0)
(489 71 66 1/2 0)
(979/2 72 67 1 0)
(981/2 74 68 1 0)
(983/2 71 66 1 0)
(985/2 67 64 1 0)
(987/2 71 66 1/2 0)
(494 71 66 1/2 0)
(989/2 71 66 1/2 0)
(495 71 66 1/2 0)
(991/2 71 66 1/2 0)
(496 71 66 1 0)
(497 71 66 1/4 0)
(1989/4 71 66 1/4 0)
(995/2 74 68 1/2 0)
(498 74 68 1/2 0)
(997/2 72 67 1/2 0)
(499 71 66 1/2 0)
(999/2 69 65 1 0)
(1001/2 67 64 1/2 0)
(501 66 63 1/2 0)
(1003/2 69 65 1/2 0)
(502 72 67 1/2 0)
(1005/2 72 67 1/2 0)
(503 71 66 1 0)
(504 67 64 1/2 0)
(1009/2 71 66 1/2 0)
(505 69 65 1/2 0)
(1011/2 67 64 1/2 0)
(506 67 64 1/2 0)
(1013/2 66 63 1/2 0)
(507 67 64 1 0)
(508 62 61 1/2 0)
(1017/2 67 64 1 0)
(1019/2 67 64 1 0)
(1021/2 69 65 1 0)
(1023/2 71 66 1 0)
(1025/2 67 64 1 0)
(1027/2 62 61 1 0)
(1029/2 62 61 1/2 0)
(515 62 61 1/2 0)
(1031/2 62 61 1/2 0)
(516 67 64 1 0)
(517 67 64 1 0)
(518 69 65 1 0)
(519 71 66 1 0)
(520 67 64 1 0)
(521 62 61 1 0)
(522 71 66 1/2 0)
(1045/2 71 66 1/2 0)
(523 71 66 1/2 0)
(1047/2 71 66 1/2 0)
(524 71 66 1/2 0)
(1049/2 71 66 1 0)
(1051/2 74 68 1 0)
(1053/2 74 68 1/2 0)
(527 74 68 1/2 0)
(1055/2 72 67 1/2 0)
(528 71 66 1/2 0)
(1057/2 69 65 3/2 0)
(530 67 64 1/2 0)
(1061/2 66 63 1/2 0)
(531 69 65 1/2 0)
(1063/2 69 65 1/2 0)
(532 69 65 1/2 0)
(1065/2 69 65 1 0)
(1067/2 71 66 1/2 0)
(534 72 67 1/2 0)
(1069/2 71 66 1 0)
(1071/2 69 65 1/2 0)
(536 69 65 1/2 0)
(1073/2 67 64 1 0)
(1075/2 62 61 1 0)
(1077/2 67 64 1 0)
(1079/2 69 65 1/2 0)
(540 69 65 1/2 0)
(1081/2 71 66 1 0)
(1083/2 67 64 1/2 0)
(542 66 63 1/2 0)
(1085/2 64 62 1 0)
(1087/2 62 61 1 0)
(1089/2 71 66 1 0)
(1091/2 69 65 1/2 0)
(546 69 65 1/2 0)
(1093/2 69 65 1/2 0)
(547 69 65 1/2 0)
(1095/2 67 64 1/2 0)
(548 66 63 1/2 0)
(1097/2 67 64 1/2 0)
(549 69 65 1/2 0)
(1099/2 71 66 1 0)
(1101/2 67 64 1 0)
(1103/2 71 66 1 0)
(1105/2 71 66 3/4 0)
(2213/4 69 65 1/4 0)
(1107/2 71 66 1/2 0)
(554 69 65 1/2 0)
(1109/2 71 66 1 0)
(1111/2 74 68 1 0)
(1113/2 74 68 1/2 0)
(557 74 68 1/2 0)
(1115/2 72 67 1/2 0)
(558 71 66 1/2 0)
(1117/2 69 65 1 0)
(1119/2 67 64 1/2 0)
(560 66 63 1/2 0)
(1121/2 69 65 1/2 0)
(561 69 65 1/2 0)
(1123/2 69 65 1/2 0)
(562 69 65 1 0)
(563 72 67 3/4 0)
(2255/4 72 67 1/4 0)
(564 71 66 1/2 0)
(1129/2 71 66 1/2 0)
(565 69 65 1/2 0)
(1131/2 69 65 1/2 0)
(566 67 64 1 0)
