(0 67 64 1/2 0)
(1/2 71 66 1/2 0)
(1 74 68 1 0)
(2 74 68 3/4 0)
(11/4 74 68 1/4 0)
(3 71 66 1 0)
(4 71 66 3/4 0)
(19/4 72 67 1/4 0)
(5 71 66 1 0)
(6 71 66 1/2 0)
(13/2 69 65 1/2 0)
(7 67 64 1 0)
(8 79 71 1 0)
(9 78 70 1 0)
(10 79 71 1 0)
(11 81 72 1/2 0)
(23/2 81 72 1/2 0)
(12 79 71 1/2 0)
(25/2 79 71 1/2 0)
(13 78 70 1 0)
(14 76 69 1 0)
(15 74 68 1 0)
(16 74 68 1 0)
(17 79 71 3/2 0)
(37/2 78 70 1/2 0)
(19 79 71 1 0)
(20 76 69 3/4 0)
(83/4 76 69 1/4 0)
(21 74 68 1 0)
(22 71 66 2 0)
(24 71 66 1 0)
(25 72 67 1 0)
(26 74 68 1 0)
(27 76 69 1/2 0)
(55/2 76 69 1/2 0)
(28 74 68 1/2 0)
(57/2 66 63 1/2 0)
(29 69 65 1 0)
(30 67 64 2 0)
(32 67 64 1 0)
(33 74 68 1 0)
(34 74 68 1 0)
(35 74 68 1 0)
(36 72 67 1/2 0)
(73/2 72 67 1/2 0)
(37 71 66 1 0)
(38 69 65 1 0)
(39 67 64 3/2 0)
(81/2 79 71 1/2 0)
(41 79 71 1/2 0)
(83/2 79 71 1/2 0)
(42 81 72 1/2 0)
(85/2 81 72 1/2 0)
(43 79 71 1/2 0)
(87/2 79 71 1/2 0)
(44 78 70 1/2 0)
(89/2 78 70 1/2 0)
(45 76 69 1/2 0)
(91/2 76 69 1/2 0)
(46 74 68 1 0)
(47 74 68 1 0)
(48 79 71 1 0)
(49 74 68 1 0)
(50 76 69 1/2 0)
(101/2 78 70 1/2 0)
(51 79 71 1/2 0)
(103/2 76 69 1/2 0)
(52 74 68 2 0)
(54 71 66 3/2 0)
(111/2 71 66 1/2 0)
(56 72 67 1/2 0)
(113/2 71 66 1/2 0)
(57 72 67 1/2 0)
(115/2 74 68 1/2 0)
(58 76 69 1/2 0)
(117/2 76 69 1/2 0)
(59 72 67 1/2 0)
(119/2 72 67 1/2 0)
(60 71 66 1 0)
(61 69 65 1 0)
(62 74 68 1 0)
(63 74 68 1 0)
(64 79 71 1 0)
(65 74 68 1 0)
(66 76 69 1/2 0)
(133/2 78 70 1/2 0)
(67 79 71 1/2 0)
(135/2 76 69 1/2 0)
(68 74 68 2 0)
(70 71 66 3/2 0)
(143/2 74 68 1/2 0)
(72 72 67 1/2 0)
(145/2 71 66 1/2 0)
(73 72 67 1/2 0)
(147/2 74 68 1/2 0)
(74 76 69 1/2 0)
(149/2 78 70 1/2 0)
(75 79 71 1/2 0)
(151/2 72 67 1/2 0)
(76 71 66 1 0)
(77 69 65 1 0)
(78 67 64 1 0)
(79 65 63 1/2 0)
(159/2 68 65 1/2 0)
(80 68 65 1/2 0)
(161/2 68 65 1/2 0)
(81 68 65 1/2 0)
(163/2 68 65 1/2 0)
(82 68 65 1/2 0)
(165/2 66 64 1/2 0)
(83 66 64 1/2 0)
(167/2 65 63 1 0)
(169/2 63 62 1 0)
(171/2 61 61 3/2 0)
(87 73 68 1 0)
(88 72 67 1/2 0)
(177/2 73 68 1 0)
(179/2 75 69 1/2 0)
(90 75 69 1/2 0)
(181/2 73 68 1/2 0)
(91 73 68 1/2 0)
(183/2 72 67 1/2 0)
(92 72 67 1/2 0)
(185/2 70 66 1/2 0)
(93 70 66 1/2 0)
(187/2 68 65 3/2 0)
(95 68 65 1/2 0)
(191/2 73 68 3/2 0)
(97 68 65 1/2 0)
(195/2 68 65 1/2 0)
(98 73 68 1/2 0)
(197/2 72 67 1/2 0)
(99 70 66 1/2 0)
(199/2 68 65 3/2 0)
(101 66 64 1/2 0)
(203/2 65 63 1 0)
(205/2 68 65 1/2 0)
(103 68 65 1/2 0)
(207/2 66 64 1/2 0)
(104 65 63 1/2 0)
(209/2 66 64 1/2 0)
(105 68 65 1/2 0)
(211/2 70 66 1/2 0)
(106 72 67 1/2 0)
(213/2 73 68 1/2 0)
(107 66 64 1/2 0)
(215/2 65 63 1 0)
(217/2 63 62 1 0)
(219/2 61 61 3/2 0)
(111 67 64 1/3 0)
(334/3 66 63 1/3 0)
(335/3 67 64 1/3 0)
(112 69 65 1 0)
(113 69 65 1/2 0)
(227/2 69 65 1/2 0)
(114 69 65 1 0)
(115 74 68 1/3 0)
(346/3 73 67 1/3 0)
(347/3 74 68 1/3 0)
(116 66 63 1 0)
(117 64 62 1 0)
(118 62 61 1 0)
(119 74 68 1/2 0)
(239/2 73 67 1/2 0)
(120 71 66 1/2 0)
(241/2 73 67 1/2 0)
(121 74 68 1/2 0)
(243/2 76 69 1/2 0)
(122 76 69 3/2 0)
(247/2 74 68 1/2 0)
(124 73 67 3/2 0)
(251/2 71 66 1/2 0)
(126 69 65 1 0)
(127 69 65 1/3 0)
(382/3 71 66 1/3 0)
(383/3 73 67 1/3 0)
(128 74 68 1 0)
(129 69 65 1/2 0)
(259/2 73 67 1/2 0)
(130 71 66 1 0)
(131 74 68 1/3 0)
(394/3 73 67 1/3 0)
(395/3 74 68 1/3 0)
(132 69 65 1 0)
(133 67 64 1 0)
(134 66 63 3/2 0)
(271/2 69 65 1/2 0)
(136 67 64 1 0)
(137 66 63 1/2 0)
(275/2 67 64 1/2 0)
(138 69 65 1/2 0)
(277/2 71 66 1/2 0)
(139 74 68 1/3 0)
(418/3 73 67 1/3 0)
(419/3 74 68 1/3 0)
(140 64 62 2 0)
(142 62 61 2 0)
(144 74 68 1/2 0)
(289/2 74 68 1/2 0)
(145 74 68 1 0)
(146 76 69 1 0)
(147 74 68 3/4 0)
(591/4 74 68 1/4 0)
(148 72 67 1 0)
(149 71 66 1 0)
(150 69 65 1 0)
(151 67 64 1 0)
(152 74 68 1 0)
(153 79 71 3/4 0)
(615/4 79 71 1/4 0)
(154 79 71 1 0)
(155 81 72 1 0)
(156 79 71 1 0)
(157 78 70 1 0)
(158 76 69 1 0)
(159 74 68 1 0)
(160 74 68 1 0)
(161 74 68 1 0)
(162 74 68 1 0)
(163 79 71 3/2 0)
(329/2 79 71 1/2 0)
(165 79 71 3/4 0)
(663/4 79 71 1/4 0)
(166 78 70 1/2 0)
(333/2 76 69 1/2 0)
(167 74 68 2 0)
(169 71 66 1 0)
(170 71 66 1/2 0)
(341/2 72 67 3/4 0)
(685/4 71 66 1/4 0)
(343/2 72 67 1/2 0)
(172 74 68 1/2 0)
(345/2 76 69 1 0)
(347/2 74 68 1/2 0)
(174 76 69 1/2 0)
(349/2 74 68 1 0)
(351/2 69 65 1 0)
(353/2 67 64 1 0)
(355/2 74 68 1/2 0)
(178 74 68 1 0)
(179 74 68 3/4 0)
(719/4 74 68 1/4 0)
(180 76 69 1 0)
(181 74 68 3/4 0)
(727/4 72 67 1/4 0)
(182 71 66 1 0)
(183 69 65 1 0)
(184 67 64 1 0)
(185 79 71 1 0)
(186 79 71 3/4 0)
(747/4 79 71 1/4 0)
(187 81 72 1/2 0)
(375/2 81 72 1/2 0)
(188 79 71 1 0)
(189 78 70 1 0)
(190 76 69 1/2 0)
(381/2 76 69 1/2 0)
(191 74 68 1 0)
(192 74 68 1/2 0)
(385/2 79 71 1/2 0)
(193 79 71 3/2 0)
(389/2 74 68 1/2 0)
(195 74 68 1/2 0)
(391/2 79 71 1/2 0)
(196 78 70 1/2 0)
(393/2 76 69 1/2 0)
(197 74 68 3/2 0)
(397/2 72 67 1/2 0)
(199 71 66 1 0)
(200 74 68 1 0)
(201 72 67 1/2 0)
(403/2 71 66 1/2 0)
(202 72 67 1/2 0)
(405/2 74 68 1/2 0)
(203 76 69 1/2 0)
(407/2 78 70 1/2 0)
(204 79 71 1/2 0)
(409/2 72 67 1/2 0)
(205 71 66 1 0)
(206 69 65 1 0)
(207 67 64 2 0)
(209 74 68 1/2 0)
(419/2 79 71 1/2 0)
(210 79 71 3/2 0)
(423/2 74 68 1/2 0)
(212 74 68 1/2 0)
(425/2 79 71 1/2 0)
(213 78 70 1/2 0)
(427/2 76 69 1/2 0)
(214 74 68 3/2 0)
(431/2 72 67 1/2 0)
(216 71 66 1 0)
(217 74 68 1 0)
(218 72 67 1/2 0)
(437/2 71 66 1/2 0)
(219 72 67 1/2 0)
(439/2 74 68 1/2 0)
(220 76 69 1/2 0)
(441/2 78 70 1/2 0)
(221 79 71 1/2 0)
(443/2 72 67 1/2 0)
(222 71 66 1 0)
(223 69 65 1 0)
(224 67 64 3/2 0)
(451/2 71 66 1/2 0)
(226 71 66 1 0)
(227 67 64 1/2 0)
(455/2 71 66 1/2 0)
(228 74 68 1 0)
(229 69 65 1/2 0)
(459/2 69 65 1/2 0)
(230 71 66 1 0)
(231 69 65 1 0)
(232 67 64 1 0)
(233 79 71 1/2 0)
(467/2 79 71 1 0)
(469/2 79 71 1/2 0)
(235 79 71 1/2 0)
(471/2 81 72 1 0)
(473/2 79 71 1/2 0)
(237 79 71 1/2 0)
(475/2 78 70 1 0)
(477/2 76 69 1/2 0)
(239 76 69 1/2 0)
(479/2 74 68 1 0)
(481/2 79 71 1/2 0)
(241 79 71 3/2 0)
(485/2 74 68 1/2 0)
(243 74 68 1 0)
(244 78 70 1/2 0)
(489/2 76 69 1/2 0)
(245 74 68 3/2 0)
(493/2 72 67 1/2 0)
(247 71 66 1 0)
(248 74 68 1/2 0)
(497/2 72 67 1/2 0)
(249 71 66 1/2 0)
(499/2 72 67 1/2 0)
(250 74 68 1/2 0)
(501/2 76 69 1/2 0)
(251 78 70 1/2 0)
(503/2 79 71 1/2 0)
(252 72 67 1/2 0)
(505/2 71 66 1 0)
(507/2 69 65 1 0)
(509/2 67 64 3/2 0)
(256 79 71 1/2 0)
(513/2 79 71 3/2 0)
(258 74 68 1/2 0)
(517/2 74 68 1 0)
(519/2 78 70 1/2 0)
(260 76 69 1/2 0)
(521/2 74 68 3/2 0)
(262 72 67 1/2 0)
(525/2 71 66 1 0)
(527/2 74 68 1 0)
(529/2 72 67 1/2 0)
(265 71 66 1/2 0)
(531/2 72 67 1/2 0)
(266 74 68 1/2 0)
(533/2 76 69 1/2 0)
(267 78 70 1/2 0)
(535/2 79 71 1/2 0)
(268 72 67 1/2 0)
(537/2 71 66 1 0)
(539/2 69 65 1 0)
(541/2 67 64 1 0)
(543/2 67 64 1/2 0)
(272 71 66 1/2 0)
(545/2 74 68 1 0)
(547/2 74 68 1/2 0)
(274 74 68 1/2 0)
(549/2 74 68 1/2 0)
(275 76 69 1/2 0)
(551/2 74 68 1/2 0)
(276 72 67 1/2 0)
(553/2 71 66 1 0)
(555/2 69 65 1 0)
(557/2 67 64 1 0)
(559/2 74 68 1/2 0)
(280 74 68 1/2 0)
(561/2 79 71 1 0)
(563/2 76 69 1/2 0)
(282 76 69 1/2 0)
(565/2 81 72 1/2 0)
(283 81 72 1/2 0)
(567/2 79 71 1/2 0)
(284 79 71 1/2 0)
(569/2 78 70 1 0)
(571/2 79 71 1/2 0)
(286 76 69 1/2 0)
(573/2 74 68 1 0)
(575/2 74 68 1/2 0)
(288 74 68 1/2 0)
(577/2 79 71 1 0)
(579/2 74 68 1/2 0)
(290 74 68 1/2 0)
(581/2 76 69 1/2 0)
(291 78 70 1/2 0)
(583/2 79 71 1/2 0)
(292 76 69 1/2 0)
(585/2 74 68 3/2 0)
(294 72 67 1/2 0)
(589/2 71 66 1 0)
(591/2 74 68 1 0)
(593/2 72 67 1/2 0)
(297 71 66 1/2 0)
(595/2 72 67 1/2 0)
(298 74 68 1/2 0)
(597/2 76 69 1/2 0)
(299 78 70 1/2 0)
(599/2 79 71 1/2 0)
(300 72 67 1/2 0)
(601/2 71 66 1 0)
(603/2 69 65 1 0)
(605/2 67 64 1 0)
(607/2 67 64 1 0)
(609/2 74 68 1 0)
(611/2 74 68 1 0)
(613/2 74 68 1 0)
(615/2 72 67 1/2 0)
(308 72 67 1/2 0)
(617/2 71 66 1 0)
(619/2 69 65 1 0)
(621/2 67 64 3/2 0)
(312 79 71 1/2 0)
(625/2 79 71 1/2 0)
(313 79 71 1/2 0)
(627/2 81 72 1 0)
(629/2 79 71 1/2 0)
(315 79 71 1/2 0)
(631/2 78 70 1 0)
(633/2 76 69 1 0)
(635/2 76 69 1 0)
(637/2 74 68 1 0)
(639/2 74 68 1 0)
(641/2 74 68 1 0)
(643/2 79 71 1 0)
(645/2 74 68 1 0)
(647/2 76 69 1/2 0)
(324 78 70 1/2 0)
(649/2 79 71 1/2 0)
(325 76 69 1/2 0)
(651/2 74 68 2 0)
(655/2 71 66 3/2 0)
(329 71 66 1/2 0)
(659/2 72 67 1/2 0)
(330 71 66 1/2 0)
(661/2 72 67 1/2 0)
(331 74 68 1/2 0)
(663/2 76 69 1/2 0)
(332 78 70 1/2 0)
(665/2 79 71 1/2 0)
(333 72 67 1/2 0)
(667/2 71 66 1 0)
(669/2 69 65 1 0)
(671/2 74 68 1 0)
(673/2 74 68 1 0)
(675/2 79 71 1 0)
(677/2 74 68 1 0)
(679/2 76 69 1/2 0)
(340 78 70 1/2 0)
(681/2 79 71 1/2 0)
(341 76 69 1/2 0)
(683/2 74 68 2 0)
(687/2 71 66 3/2 0)
(345 74 68 1/2 0)
(691/2 72 67 1/2 0)
(346 71 66 1/2 0)
(693/2 72 67 1/2 0)
(347 74 68 1/2 0)
(695/2 76 69 1/2 0)
(348 78 70 1/2 0)
(697/2 79 71 1/2 0)
(349 72 67 1/2 0)
(699/2 71 66 1 0)
(701/2 69 65 1 0)
(703/2 67 64 1 0)
(705/2 67 64 1 0)
(707/2 74 68 1 0)
(709/2 74 68 1 0)
(711/2 74 68 1 0)
(713/2 72 67 1/2 0)
(357 72 67 1/2 0)
(715/2 71 66 1 0)
(717/2 69 65 1 0)
(719/2 67 64 1 0)
(721/2 79 71 1/3 0)
(2165/6 79 71 1/3 0)
(2167/6 79 71 1/3 0)
(723/2 81 72 1 0)
(725/2 79 71 1/2 0)
(363 79 71 1/2 0)
(727/2 78 70 1 0)
(729/2 76 69 1 0)
(731/2 76 69 1 0)
(733/2 74 68 1 0)
(735/2 74 68 1 0)
(737/2 74 68 1 0)
(739/2 79 71 1 0)
(741/2 74 68 1 0)
(743/2 76 69 1/2 0)
(372 78 70 1/2 0)
(745/2 79 71 1/2 0)
(373 76 69 1/2 0)
(747/2 74 68 2 0)
(751/2 71 66 3/2 0)
(377 71 66 1/2 0)
(755/2 72 67 1/2 0)
(378 71 66 1/2 0)
(757/2 72 67 1/2 0)
(379 74 68 1/2 0)
(759/2 76 69 1/2 0)
(380 78 70 1/2 0)
(761/2 79 71 1/2 0)
(381 72 67 1/2 0)
(763/2 71 66 1 0)
(765/2 69 65 1 0)
(767/2 74 68 1 0)
(769/2 74 68 1 0)
(771/2 79 71 1 0)
(773/2 74 68 1 0)
(775/2 76 69 1/2 0)
(388 78 70 1/2 0)
(777/2 79 71 1/2 0)
(389 76 69 1/2 0)
(779/2 74 68 2 0)
(783/2 71 66 3/2 0)
(393 71 66 1/2 0)
(787/2 72 67 1/2 0)
(394 71 66 1/2 0)
(789/2 72 67 1/2 0)
(395 74 68 1/2 0)
(791/2 76 69 1/2 0)
(396 78 70 1/2 0)
(793/2 79 71 1/2 0)
(397 72 67 1/2 0)
(795/2 71 66 1 0)
(797/2 69 65 1 0)
(799/2 67 64 1 0)
