(0 71 66 1 0)
(1 71 66 1 0)
(2 71 66 1/2 0)
(5/2 69 65 1/2 0)
(3 67 64 2 0)
(5 62 61 1 0)
(6 67 64 1 0)
(7 69 65 1 0)
(8 71 66 3 0)
(11 71 66 1/2 0)
(23/2 71 66 1/2 0)
(12 71 66 1 0)
(13 71 66 1/2 0)
(27/2 69 65 1/2 0)
(14 67 64 2 0)
(16 62 61 1 0)
(17 67 64 1/2 0)
(35/2 69 65 3/2 0)
(19 71 66 3 0)
(22 71 66 1/2 0)
(45/2 71 66 1/2 0)
(23 71 66 1 0)
(24 71 66 1/2 0)
(49/2 69 65 1/2 0)
(25 67 64 1 0)
(26 71 66 1 0)
(27 74 68 1 0)
(28 74 68 1 0)
(29 72 67 1 0)
(30 71 66 1 0)
(31 71 66 1/2 0)
(63/2 69 65 5/2 0)
(34 69 65 1/2 0)
(69/2 71 66 1/2 0)
(35 72 67 1 0)
(36 71 66 1 0)
(37 69 65 2 0)
(39 67 64 1/2 0)
(79/2 69 65 1/2 0)
(40 71 66 2 0)
(42 66 63 1/2 0)
(85/2 69 65 1/2 0)
(43 69 65 1/2 0)
(87/2 67 64 5/2 0)
(46 72 67 1 0)
(47 71 66 1 0)
(48 69 65 1 0)
(49 67 64 3 0)
(52 62 61 1 0)
(53 67 64 1 0)
(54 69 65 1 0)
(55 71 66 3 0)
(58 67 64 1 0)
(59 69 65 1 0)
(60 74 68 1 0)
(61 71 66 3/2 0)
(125/2 71 66 1/2 0)
(63 67 64 1 0)
(64 69 65 1 0)
(65 74 68 1 0)
(66 71 66 3 0)
(69 71 66 1 0)
(70 71 66 1 0)
(71 72 67 3/4 0)
(287/4 71 66 1/4 0)
(72 69 65 1 0)
(73 71 66 1 0)
(74 76 69 1 0)
(75 74 68 3/2 0)
(153/2 74 68 1/2 0)
(77 74 68 1/2 0)
(155/2 74 68 1/2 0)
(78 71 66 1 0)
(79 67 64 2 0)
(81 67 64 1 0)
(82 71 66 3/4 0)
(331/4 71 66 1/4 0)
(83 71 66 3/4 0)
(335/4 71 66 1/4 0)
(84 69 65 2 0)
(86 66 63 3/4 0)
(347/4 67 64 1/4 0)
(87 69 65 2 0)
(89 71 66 3/4 0)
(359/4 69 65 1/4 0)
(90 67 64 1 0)
(91 64 62 2 0)
(93 62 61 1 0)
(94 67 64 1 0)
(95 69 65 1 0)
(96 71 66 2 0)
(98 69 65 3/2 0)
(199/2 69 65 1/2 0)
(100 67 64 1 0)
(101 71 66 1 0)
(102 69 65 3 0)
(105 62 61 1 0)
(106 67 64 1 0)
(107 69 65 1 0)
(108 71 66 2 0)
(110 69 65 2 0)
(112 67 64 1 0)
(113 71 66 1 0)
(114 69 65 3 0)
(117 62 61 1/2 0)
(235/2 62 61 1/2 0)
(118 67 64 1 0)
(119 71 66 1 0)
(120 76 69 1/2 0)
(241/2 76 69 1/2 0)
(121 74 68 1 0)
(122 76 69 1 0)
(123 74 68 1 0)
(124 76 69 1 0)
(125 76 69 1 0)
(126 74 68 1 0)
(127 71 66 1 0)
(128 64 62 3 0)
(131 62 61 1 0)
(132 72 67 1 0)
(133 71 66 1 0)
(134 69 65 2 0)
(136 67 64 2 0)
(138 62 61 1 0)
(139 71 66 2 0)
(141 67 64 2 0)
(143 69 65 3/2 0)
(289/2 71 66 1/2 0)
(145 69 65 1 0)
(146 67 64 3 0)
(149 62 61 1/2 0)
(299/2 67 64 1/2 0)
(150 69 65 1/2 0)
(301/2 71 66 1 0)
(303/2 74 68 1/2 0)
(152 72 67 1/2 0)
(305/2 71 66 1/2 0)
(153 69 65 3/2 0)
(309/2 62 61 1/2 0)
(155 67 64 1/2 0)
(311/2 69 65 1/2 0)
(156 71 66 1 0)
(157 74 68 1/2 0)
(315/2 72 67 1/2 0)
(158 71 66 1/2 0)
(317/2 69 65 3/2 0)
(160 74 68 1/2 0)
(321/2 74 68 1 0)
(323/2 76 69 1/2 0)
(162 74 68 1 0)
(163 76 69 1/2 0)
(327/2 74 68 3/4 0)
(657/4 72 67 1/4 0)
(329/2 71 66 1/2 0)
(165 69 65 1/2 0)
(331/2 64 62 1 0)
(333/2 72 67 1/2 0)
(167 71 66 1/2 0)
(335/2 69 65 1/2 0)
(168 67 64 3/4 0)
(675/4 69 65 1/4 0)
(169 71 66 1/2 0)
(339/2 69 65 3/4 0)
(681/4 67 64 1/4 0)
(341/2 66 63 1/4 0)
(683/4 64 62 1/4 0)
(171 69 65 1/2 0)
(343/2 62 61 1 0)
(345/2 62 61 1/2 0)
(173 67 64 1/2 0)
(347/2 69 65 1/2 0)
(174 71 66 1 0)
(175 69 65 1/2 0)
(351/2 67 64 1/2 0)
(176 71 66 1/2 0)
(353/2 69 65 3/2 0)
(178 62 61 1/4 0)
(713/4 62 61 1/4 0)
(357/2 67 64 1/2 0)
(179 69 65 1/2 0)
(359/2 71 66 1 0)
(361/2 69 65 1/2 0)
(181 67 64 1/2 0)
(363/2 71 66 1/2 0)
(182 69 65 3/2 0)
(367/2 62 61 1/4 0)
(735/4 62 61 1/4 0)
(184 67 64 1/2 0)
(369/2 69 65 1/2 0)
(185 71 66 1/2 0)
(371/2 76 69 1/2 0)
(186 74 68 1/2 0)
(373/2 72 67 3/4 0)
(749/4 71 66 1/4 0)
(375/2 69 65 1/4 0)
(751/4 67 64 1/4 0)
(188 66 63 1/2 0)
(377/2 64 62 1 0)
(379/2 72 67 1/2 0)
(190 72 67 1/2 0)
(381/2 69 65 1/2 0)
(191 67 64 1/2 0)
(383/2 71 66 1/2 0)
(192 67 64 1/2 0)
(385/2 69 65 3/4 0)
(773/4 67 64 1/4 0)
(387/2 66 63 1/4 0)
(775/4 64 62 1/4 0)
(194 64 62 1/2 0)
(389/2 62 61 1 0)
(391/2 71 66 1 0)
(393/2 71 66 1 0)
(395/2 71 66 3/4 0)
(793/4 69 65 1/4 0)
(397/2 67 64 2 0)
(401/2 62 61 1 0)
(403/2 67 64 1 0)
(405/2 69 65 1/2 0)
(203 71 66 1/2 0)
(407/2 71 66 2 0)
(411/2 71 66 1 0)
(413/2 71 66 1 0)
(415/2 71 66 1/2 0)
(208 69 65 1/2 0)
(417/2 67 64 2 0)
(421/2 62 61 1 0)
(423/2 67 64 1 0)
(425/2 69 65 1 0)
(427/2 71 66 2 0)
(431/2 71 66 1 0)
(433/2 71 66 1 0)
(435/2 71 66 3/4 0)
(873/4 69 65 1/4 0)
(437/2 67 64 2 0)
(441/2 71 66 1/2 0)
(221 74 68 1/2 0)
(443/2 74 68 2 0)
(447/2 72 67 3/4 0)
(897/4 71 66 1/4 0)
(449/2 74 68 1 0)
(451/2 69 65 3/2 0)
(227 69 65 1/2 0)
(455/2 69 65 3/4 0)
(913/4 71 66 1/4 0)
(457/2 72 67 1 0)
(459/2 71 66 1 0)
(461/2 69 65 1 0)
(463/2 69 65 1 0)
(465/2 67 64 2 0)
(469/2 67 64 3/4 0)
(941/4 69 65 1/4 0)
(471/2 71 66 2 0)
(475/2 66 63 3/4 0)
(953/4 66 63 1/4 0)
(477/2 69 65 1 0)
(479/2 67 64 1 0)
(481/2 62 61 1 0)
(483/2 67 64 1 0)
(485/2 69 65 3/4 0)
(973/4 69 65 1/4 0)
(487/2 71 66 5/2 0)
(246 74 68 1/2 0)
(493/2 74 68 1/2 0)
(247 74 68 1/2 0)
(495/2 72 67 1 0)
(497/2 71 66 1 0)
(499/2 69 65 3 0)
(505/2 62 61 1 0)
(507/2 67 64 1 0)
(509/2 69 65 1 0)
(511/2 71 66 3 0)
(517/2 74 68 1 0)
(519/2 72 67 1 0)
(521/2 71 66 1 0)
(523/2 69 65 3 0)
(529/2 62 61 1 0)
(531/2 67 64 1 0)
(533/2 69 65 1 0)
(535/2 71 66 2 0)
(539/2 74 68 1 0)
(541/2 76 69 1 0)
(543/2 74 68 1 0)
(545/2 71 66 1 0)
(547/2 71 66 1/2 0)
(274 69 65 1/2 0)
(549/2 72 67 2 0)
(553/2 72 67 1 0)
(555/2 71 66 1 0)
(557/2 69 65 1 0)
(559/2 67 64 1 0)
(561/2 69 65 1 0)
(563/2 71 66 1 0)
(565/2 69 65 3/2 0)
(284 67 64 1/2 0)
(569/2 66 63 1 0)
(571/2 64 62 1 0)
(573/2 62 61 2 0)
(577/2 71 66 1 0)
(579/2 71 66 1 0)
(581/2 71 66 1/2 0)
(291 69 65 1/2 0)
(583/2 67 64 3 0)
(589/2 62 61 1 0)
(591/2 67 64 3/2 0)
(297 69 65 1/2 0)
(595/2 71 66 3 0)
(601/2 71 66 3/4 0)
(1205/4 71 66 1/4 0)
(603/2 71 66 1 0)
(605/2 71 66 3/4 0)
(1213/4 69 65 1/4 0)
(607/2 67 64 3 0)
(613/2 62 61 1 0)
(615/2 67 64 1 0)
(617/2 69 65 1 0)
(619/2 71 66 3 0)
(625/2 71 66 3/4 0)
(1253/4 71 66 1/4 0)
(627/2 71 66 1 0)
(629/2 71 66 3/4 0)
(1261/4 69 65 1/4 0)
(631/2 67 64 1 0)
(633/2 71 66 1 0)
(635/2 74 68 1 0)
(637/2 74 68 1 0)
(639/2 72 67 1 0)
(641/2 71 66 1 0)
(643/2 71 66 1/2 0)
(322 69 65 5/2 0)
(649/2 69 65 3/4 0)
(1301/4 71 66 1/4 0)
(651/2 72 67 1 0)
(653/2 71 66 1 0)
(655/2 69 65 2 0)
(659/2 67 64 1 0)
(661/2 71 66 3/2 0)
(332 66 63 1/2 0)
(665/2 66 63 1/2 0)
(333 69 65 1/2 0)
(667/2 69 65 1 0)
(669/2 67 64 1 0)
(671/2 72 67 1 0)
(673/2 71 66 1 0)
(675/2 69 65 1 0)
(677/2 67 64 3 0)
(683/2 62 61 1 0)
(685/2 67 64 1 0)
(687/2 69 65 1 0)
(689/2 71 66 3 0)
(695/2 67 64 1 0)
(697/2 69 65 1 0)
(699/2 74 68 1 0)
(701/2 71 66 2 0)
(705/2 67 64 1 0)
(707/2 69 65 1 0)
(709/2 72 67 1 0)
(711/2 71 66 3 0)
(717/2 71 66 1 0)
(719/2 72 67 1 0)
(721/2 71 66 1 0)
(723/2 69 65 1 0)
(725/2 71 66 1 0)
(727/2 76 69 1 0)
(729/2 74 68 3/2 0)
(366 74 68 1/2 0)
(733/2 74 68 1/2 0)
(367 72 67 1/2 0)
(735/2 71 66 1/2 0)
(368 69 65 1/2 0)
(737/2 67 64 2 0)
(741/2 67 64 1 0)
(743/2 72 67 1 0)
(745/2 71 66 1 0)
(747/2 69 65 2 0)
(751/2 66 63 1 0)
(753/2 69 65 2 0)
(757/2 71 66 3/4 0)
(1517/4 69 65 1/4 0)
(759/2 67 64 1 0)
(761/2 64 62 2 0)
(765/2 62 61 1/2 0)
(383 67 64 1/2 0)
(767/2 69 65 3/8 0)
(3071/8 69 65 1/8 0)
(384 71 66 3/2 0)
(771/2 62 61 1/2 0)
(386 67 64 1/2 0)
(773/2 69 65 1/2 0)
(387 71 66 2 0)
(389 71 66 1/2 0)
(779/2 71 66 1/4 0)
(1559/4 69 65 1/4 0)
(390 67 64 3/2 0)
(783/2 62 61 1/4 0)
(1567/4 62 61 1/4 0)
(392 67 64 1/2 0)
(785/2 69 65 1/2 0)
(393 71 66 2 0)
(395 71 66 1/2 0)
(791/2 71 66 1/4 0)
(1583/4 71 66 1/4 0)
(396 71 66 1/4 0)
(1585/4 71 66 1/4 0)
(793/2 69 65 1/4 0)
(1587/4 69 65 1/4 0)
(397 67 64 1/2 0)
(795/2 67 64 1/2 0)
(398 76 69 1/2 0)
(797/2 74 68 1 0)
(799/2 72 67 1/2 0)
(400 71 66 1/2 0)
(801/2 69 65 5/4 0)
(1607/4 69 65 1/4 0)
(402 69 65 1/4 0)
(1609/4 71 66 1/4 0)
(805/2 72 67 1/2 0)
(403 71 66 1/2 0)
(807/2 69 65 1 0)
(809/2 67 64 1/4 0)
(1619/4 69 65 1/4 0)
(405 71 66 1 0)
(406 66 63 3/8 0)
(3251/8 66 63 1/8 0)
(813/2 69 65 1/2 0)
(407 67 64 1 0)
(408 69 65 1/2 0)
(817/2 69 65 1/2 0)
(409 67 64 1/2 0)
(819/2 65 63 3/2 0)
(411 60 60 1/2 0)
(823/2 65 63 1/2 0)
(412 67 64 1/2 0)
(825/2 69 65 3/2 0)
(414 69 65 1/2 0)
(829/2 69 65 1/2 0)
(415 67 64 1/2 0)
(831/2 65 63 3/2 0)
(417 60 60 1/2 0)
(835/2 65 63 1/2 0)
(418 67 64 1/2 0)
(837/2 69 65 3/2 0)
(420 69 65 1/2 0)
(841/2 69 65 1/2 0)
(421 67 64 1/2 0)
(843/2 65 63 1/2 0)
(422 69 65 1/2 0)
(845/2 72 67 1/2 0)
(423 72 67 1/2 0)
(847/2 70 66 1/2 0)
(424 69 65 1/2 0)
(849/2 69 65 1/2 0)
(425 67 64 1 0)
(426 67 64 1/4 0)
(1705/4 69 65 1/4 0)
(853/2 70 66 1/2 0)
(427 69 65 1/2 0)
(855/2 67 64 1/2 0)
(428 67 64 1/2 0)
(857/2 65 63 1/2 0)
(429 69 65 1 0)
(430 64 62 1/4 0)
(1721/4 67 64 1/4 0)
(861/2 67 64 1/2 0)
(431 65 63 1/2 0)
(863/2 62 61 1/2 0)
(432 67 64 1/2 0)
(865/2 69 65 1/2 0)
(433 71 66 3/2 0)
(869/2 62 61 1/2 0)
(435 67 64 1/2 0)
(871/2 69 65 1/2 0)
(436 71 66 3/2 0)
(875/2 71 66 1/2 0)
(438 72 67 1/2 0)
(877/2 71 66 1/2 0)
(439 69 65 3/2 0)
(881/2 67 64 1/2 0)
(441 69 65 1/2 0)
(883/2 72 67 1/2 0)
(442 71 66 3/2 0)
(887/2 71 66 1/2 0)
(444 72 67 1/2 0)
(889/2 71 66 1/2 0)
(445 69 65 1/2 0)
(891/2 71 66 1/2 0)
(446 74 68 1/2 0)
(893/2 74 68 1 0)
(895/2 74 68 3/8 0)
(3583/8 72 67 1/8 0)
(448 71 66 3/8 0)
(3587/8 69 65 1/8 0)
(897/2 67 64 1 0)
(899/2 69 65 1/4 0)
(1799/4 71 66 1/4 0)
(450 72 67 1/2 0)
(901/2 71 66 1/2 0)
(451 69 65 3/2 0)
(905/2 67 64 1/4 0)
(1811/4 67 64 1/4 0)
(453 69 65 1/4 0)
(1813/4 72 67 1/4 0)
(907/2 71 66 1/4 0)
(1815/4 69 65 1/4 0)
(454 67 64 1/2 0)
(909/2 62 61 1 0)
(911/2 62 61 1 0)
(913/2 67 64 1 0)
(915/2 69 65 1/2 0)
(458 69 65 1/2 0)
(917/2 67 64 3 0)
(923/2 62 61 1 0)
(925/2 67 64 1 0)
(927/2 69 65 1 0)
(929/2 71 66 3 0)
(935/2 71 66 3/4 0)
(1873/4 71 66 1/4 0)
(937/2 71 66 1 0)
(939/2 71 66 3/4 0)
(1881/4 69 65 1/4 0)
(941/2 67 64 3 0)
(947/2 62 61 1 0)
(949/2 67 64 1 0)
(951/2 69 65 1 0)
(953/2 71 66 3 0)
(959/2 71 66 3/4 0)
(1921/4 71 66 1/4 0)
(961/2 71 66 1 0)
(963/2 71 66 3/4 0)
(1929/4 69 65 1/4 0)
(965/2 67 64 2 0)
(969/2 71 66 1 0)
(971/2 74 68 1 0)
(973/2 72 67 1 0)
(975/2 71 66 1 0)
(977/2 71 66 1 0)
(979/2 69 65 2 0)
(983/2 69 65 1 0)
(985/2 72 67 1 0)
(987/2 71 66 1/2 0)
(494 71 66 1/2 0)
(989/2 69 65 3/2 0)
(496 67 64 1/2 0)
(993/2 67 64 1/2 0)
(497 69 65 1/2 0)
(995/2 71 66 3/2 0)
(499 66 63 1/2 0)
(999/2 66 63 1/2 0)
(500 69 65 1/2 0)
(1001/2 69 65 1 0)
(1003/2 67 64 1 0)
(1005/2 74 68 1/2 0)
(503 67 64 1/2 0)
(1007/2 71 66 1/2 0)
(504 74 68 1 0)
(505 67 64 1/2 0)
(1011/2 69 65 1/2 0)
(506 69 65 3/8 0)
(4051/8 69 65 1/8 0)
(1013/2 71 66 1 0)
(1015/2 71 66 1 0)
(1017/2 71 66 3/8 0)
(4071/8 71 66 1/8 0)
(509 67 64 1 0)
(510 62 61 1/2 0)
(1021/2 67 64 1/2 0)
(511 69 65 1/2 0)
(1023/2 71 66 1 0)
(1025/2 71 66 3/8 0)
(4103/8 71 66 1/8 0)
(513 71 66 3/8 0)
(4107/8 71 66 1/8 0)
(1027/2 67 64 1/2 0)
(514 71 66 1/2 0)
(1029/2 74 68 3/8 0)
(4119/8 74 68 1/8 0)
(515 74 68 1 0)
(516 71 66 1/2 0)
(1033/2 71 66 1/2 0)
(517 69 65 1 0)
(518 69 65 3/8 0)
(4147/8 71 66 1/8 0)
(1037/2 69 65 3/8 0)
(4151/8 71 66 1/8 0)
(519 69 65 1 0)
(520 67 64 3/8 0)
(4163/8 69 65 1/8 0)
(1041/2 71 66 1 0)
(1043/2 67 64 3/8 0)
(4175/8 67 64 1/8 0)
(522 69 65 1/2 0)
(1045/2 69 65 1 0)
(1047/2 62 61 1/2 0)
(524 67 64 1/2 0)
(1049/2 69 65 1/2 0)
(525 71 66 1 0)
(526 74 68 1/2 0)
(1053/2 72 67 1/2 0)
(527 71 66 1/2 0)
(1055/2 69 65 1 0)
(1057/2 62 61 1/2 0)
(529 67 64 1/2 0)
(1059/2 69 65 1/2 0)
(530 71 66 1 0)
(531 74 68 1/2 0)
(1063/2 72 67 1/2 0)
(532 71 66 1/2 0)
(1065/2 69 65 1 0)
(1067/2 62 61 1/2 0)
(534 67 64 1/2 0)
(1069/2 69 65 1/2 0)
(535 71 66 1 0)
(536 74 68 1/2 0)
(1073/2 74 68 3/4 0)
(2149/4 72 67 1/4 0)
(1075/2 71 66 1/2 0)
(538 69 65 1/4 0)
(2153/4 71 66 1/4 0)
(1077/2 72 67 1/2 0)
(539 74 68 1/2 0)
(1079/2 71 66 1/2 0)
(540 69 65 1/2 0)
(1081/2 67 64 1/2 0)
(541 69 65 1/2 0)
(1083/2 71 66 1/2 0)
(542 69 65 3/4 0)
(2171/4 67 64 1/4 0)
(543 66 63 1/4 0)
(2173/4 64 62 1/4 0)
(1087/2 64 62 1/2 0)
(544 62 61 1 0)
(545 62 61 1 0)
(546 67 64 1 0)
(547 69 65 1 0)
(548 71 66 2 0)
(550 67 64 1 0)
(551 69 65 1 0)
(552 74 68 1 0)
(553 71 66 3 0)
(556 67 64 1 0)
(557 69 65 1 0)
(558 74 68 3/4 0)
(2235/4 74 68 1/4 0)
(559 71 66 2 0)
(561 67 64 1 0)
(562 69 65 1 0)
(563 72 67 1 0)
(564 71 66 3 0)
(567 71 66 3/4 0)
(2271/4 71 66 1/4 0)
(568 72 67 1 0)
(569 71 66 1/2 0)
(1139/2 71 66 1/2 0)
(570 69 65 1 0)
(571 71 66 1 0)
(572 76 69 1 0)
(573 74 68 3/2 0)
(1149/2 74 68 1/2 0)
(575 74 68 1/2 0)
(1151/2 72 67 1/2 0)
(576 71 66 1 0)
(577 67 64 2 0)
(579 71 66 1 0)
(580 72 67 1 0)
(581 71 66 1 0)
(582 69 65 3/2 0)
(1167/2 67 64 1/2 0)
(584 66 63 1 0)
(585 69 65 3/2 0)
(1173/2 69 65 1/2 0)
(587 71 66 1 0)
(588 69 65 1/2 0)
(1177/2 69 65 1/2 0)
(589 67 64 1 0)
(590 64 62 2 0)
