(0 62 61 1 0)
(1 67 64 2 0)
(3 66 63 1 0)
(4 64 62 1 0)
(5 62 61 1 0)
(6 66 63 1 0)
(7 67 64 1 0)
(8 71 66 1 0)
(9 69 65 1 0)
(10 66 63 1/2 0)
(21/2 67 64 1/2 0)
(11 69 65 1 0)
(12 71 66 1 0)
(13 69 65 1 0)
(14 67 64 1 0)
(15 69 65 1 0)
(16 71 66 1 0)
(17 64 62 1/2 0)
(35/2 64 62 1/2 0)
(18 62 61 1/2 0)
(37/2 64 62 1/2 0)
(19 62 61 1 0)
(20 69 65 1 0)
(21 67 64 2 0)
(23 66 63 1 0)
(24 62 61 1 0)
(25 67 64 3 0)
(28 62 61 1/2 0)
(57/2 67 64 1 0)
(59/2 66 63 1/2 0)
(30 64 62 1/2 0)
(61/2 62 61 1 0)
(63/2 67 64 1/2 0)
(32 67 64 1/2 0)
(65/2 67 64 1/2 0)
(33 67 64 1/4 0)
(133/4 67 64 1/4 0)
(67/2 67 64 1/2 0)
(34 62 61 1/4 0)
(137/4 62 61 1/4 0)
(69/2 67 64 1/2 0)
(35 67 64 1/2 0)
(71/2 67 64 1/2 0)
(36 67 64 1/2 0)
(73/2 66 63 1/4 0)
(147/4 66 63 1/4 0)
(37 64 62 1/2 0)
(75/2 62 61 1/2 0)
(38 62 61 1/2 0)
(77/2 67 64 1 0)
(79/2 66 63 1/2 0)
(40 64 62 1/2 0)
(81/2 62 61 1 0)
(83/2 67 64 1/2 0)
(42 69 65 1/2 0)
(85/2 71 66 1 0)
(87/2 69 65 3/4 0)
(177/4 66 63 1/4 0)
(89/2 67 64 1 0)
(91/2 69 65 1/2 0)
(46 67 64 3/2 0)
(95/2 67 64 1/2 0)
(48 66 63 1/2 0)
(97/2 64 62 1/2 0)
(49 62 61 3/2 0)
(101/2 67 64 1 0)
(103/2 67 64 1/2 0)
(52 69 65 3/4 0)
(211/4 71 66 1/4 0)
(53 69 65 1/2 0)
(107/2 69 65 1/2 0)
(54 71 66 1/2 0)
(109/2 69 65 1/2 0)
(55 67 64 3/2 0)
(113/2 67 64 1/2 0)
(57 66 63 1/2 0)
(115/2 64 62 1/2 0)
(58 62 61 3/2 0)
(119/2 67 64 1 0)
(121/2 67 64 1/2 0)
(61 69 65 3/4 0)
(247/4 71 66 1/4 0)
(62 69 65 1/2 0)
(125/2 69 65 3/4 0)
(253/4 71 66 1/4 0)
(127/2 69 65 1/2 0)
(64 67 64 3/2 0)
(131/2 67 64 1/2 0)
(66 66 63 1/2 0)
(133/2 64 62 1/2 0)
(67 62 61 3/2 0)
(137/2 67 64 1 0)
(139/2 67 64 1/2 0)
(70 69 65 3/4 0)
(283/4 71 66 1/4 0)
(71 69 65 1/2 0)
(143/2 67 64 3/4 0)
(289/4 66 63 1/4 0)
(145/2 69 65 1/2 0)
(73 67 64 3/2 0)
(149/2 67 64 1/2 0)
(75 66 63 1/2 0)
(151/2 64 62 1/2 0)
(76 62 61 3/2 0)
(155/2 67 64 1 0)
(157/2 67 64 1/2 0)
(79 69 65 3/4 0)
(319/4 71 66 1/4 0)
(80 69 65 1/2 0)
(161/2 67 64 1 0)
(163/2 69 65 1/2 0)
(82 67 64 3/2 0)
(167/2 66 63 1 0)
(169/2 64 62 1/2 0)
(85 62 61 3/2 0)
(173/2 67 64 1/2 0)
(87 69 65 1/2 0)
(175/2 71 66 1/2 0)
(88 69 65 1 0)
(89 69 65 1/2 0)
(179/2 69 65 3/4 0)
(361/4 69 65 1/4 0)
(181/2 69 65 1/2 0)
(91 69 65 3/4 0)
(367/4 69 65 1/4 0)
(92 69 65 1/2 0)
(185/2 69 65 1/2 0)
(93 69 65 1/2 0)
(187/2 69 65 1/2 0)
(94 64 62 1/2 0)
(189/2 64 62 1/2 0)
(95 64 62 1/2 0)
(191/2 64 62 1/2 0)
(96 69 65 1 0)
(97 67 64 3/2 0)
(197/2 66 63 1 0)
(199/2 64 62 1/2 0)
(100 62 61 3/2 0)
(203/2 67 64 1 0)
(205/2 69 65 1/2 0)
(103 71 66 1/2 0)
(207/2 71 66 1/2 0)
(104 69 65 1/2 0)
(209/2 67 64 3/2 0)
(106 69 65 1/2 0)
(213/2 67 64 3/2 0)
(108 66 63 1 0)
(109 64 62 1/2 0)
(219/2 62 61 3/2 0)
(111 67 64 1 0)
(112 67 64 1/2 0)
(225/2 69 65 1/2 0)
(113 69 65 1/2 0)
(227/2 69 65 1/2 0)
(114 69 65 1/2 0)
(229/2 69 65 1/2 0)
(115 69 65 1/2 0)
(231/2 69 65 1/2 0)
(116 69 65 1/2 0)
(233/2 69 65 1/2 0)
(117 71 66 1/2 0)
(235/2 71 66 1/2 0)
(118 69 65 1/2 0)
(237/2 67 64 1/2 0)
(119 66 63 1/2 0)
(239/2 64 62 1/2 0)
(120 62 61 1 0)
(121 69 65 1/2 0)
(243/2 67 64 3/2 0)
(123 66 63 1 0)
(124 64 62 1/2 0)
(249/2 62 61 1/2 0)
(125 62 61 1/2 0)
(251/2 62 61 1/2 0)
(126 67 64 1/2 0)
(253/2 67 64 1/2 0)
(127 67 64 1/2 0)
(255/2 69 65 1/2 0)
(128 71 66 1/2 0)
(257/2 69 65 1/2 0)
(129 67 64 1 0)
(130 62 61 1/2 0)
(261/2 67 64 1 0)
(263/2 69 65 1/2 0)
(132 67 64 1/2 0)
(265/2 66 63 1/2 0)
(133 64 62 1/2 0)
(267/2 62 61 1/2 0)
(134 64 62 1/2 0)
(269/2 66 63 1/2 0)
(135 67 64 1/2 0)
(271/2 69 65 1/2 0)
(136 71 66 1/2 0)
(273/2 72 67 1/2 0)
(137 69 65 1/2 0)
(275/2 67 64 1/2 0)
(138 69 65 1 0)
(139 69 65 1/2 0)
(279/2 69 65 1/2 0)
(140 71 66 1/2 0)
(281/2 72 67 1/2 0)
(141 74 68 1/2 0)
(283/2 76 69 1/2 0)
(142 74 68 1/2 0)
(285/2 71 66 1/2 0)
(143 69 65 1/2 0)
(287/2 71 66 1/2 0)
(144 67 64 1 0)
(145 67 64 1/2 0)
(291/2 67 64 3/2 0)
(147 66 63 1 0)
(148 64 62 1/2 0)
(297/2 62 61 1 0)
(299/2 62 61 1/2 0)
(150 72 67 1/2 0)
(301/2 72 67 1/2 0)
(151 72 67 1/2 0)
(303/2 71 66 3/2 0)
(153 69 65 1 0)
(154 71 66 1/2 0)
(309/2 67 64 3/2 0)
(156 60 60 1/2 0)
(313/2 65 63 3/2 0)
(158 65 63 1/2 0)
(317/2 64 62 1/2 0)
(159 62 61 1/2 0)
(319/2 60 60 3/2 0)
(161 65 63 3/4 0)
(647/4 67 64 1/4 0)
(162 69 65 1/2 0)
(325/2 67 64 3/4 0)
(653/4 66 63 1/4 0)
(327/2 67 64 1/2 0)
(164 67 64 3/4 0)
(659/4 66 63 1/4 0)
(165 67 64 1/2 0)
(331/2 67 64 3/4 0)
(665/4 66 63 1/4 0)
(333/2 67 64 1/2 0)
(167 72 67 3/4 0)
(671/4 74 68 1/4 0)
(168 72 67 1/2 0)
(337/2 69 65 1/2 0)
(169 67 64 1/2 0)
(339/2 69 65 1/2 0)
(170 65 63 1/2 0)
(341/2 69 65 1/2 0)
(171 67 64 1/2 0)
(343/2 65 63 3/2 0)
(173 65 63 1/2 0)
(347/2 64 62 1/2 0)
(174 62 61 1/2 0)
(349/2 60 60 1 0)
(351/2 70 66 1/2 0)
(176 70 66 3/4 0)
(707/4 72 67 1/4 0)
(177 70 66 1/2 0)
(355/2 69 65 3/2 0)
(179 67 64 1 0)
(180 67 64 1/2 0)
(361/2 65 63 5/2 0)
(183 69 65 1/2 0)
(367/2 69 65 3/2 0)
(185 69 65 1/2 0)
(371/2 68 64 1/2 0)
(186 69 65 1/2 0)
(373/2 64 62 3/2 0)
(188 69 65 1 0)
(189 69 65 1/2 0)
(379/2 71 66 1/2 0)
(190 73 67 1/2 0)
(381/2 71 66 1/2 0)
(191 74 68 1/2 0)
(383/2 73 67 1/2 0)
(192 71 66 1/2 0)
(385/2 69 65 3/2 0)
(194 69 65 1/2 0)
(389/2 68 64 1/2 0)
(195 69 65 1/2 0)
(391/2 64 62 3/2 0)
(197 69 65 1 0)
(198 69 65 1/2 0)
(397/2 71 66 1/2 0)
(199 73 67 1/2 0)
(399/2 71 66 1/2 0)
(200 71 66 1/2 0)
(401/2 73 67 1/2 0)
(201 71 66 1/2 0)
(403/2 71 66 1/2 0)
(202 73 67 1/2 0)
(405/2 71 66 1/2 0)
(203 71 66 1/2 0)
(407/2 73 67 1/2 0)
(204 71 66 1/2 0)
(409/2 66 63 3/2 0)
(206 66 63 1 0)
(207 66 63 1/2 0)
(415/2 66 63 3/2 0)
(209 73 67 1 0)
(210 71 66 1/2 0)
(421/2 69 65 3/2 0)
(212 69 65 1/2 0)
(425/2 68 64 1/2 0)
(213 66 63 1/2 0)
(427/2 64 62 3/2 0)
(215 69 65 1 0)
(216 71 66 1/2 0)
(433/2 73 67 3/2 0)
(218 73 67 1 0)
(219 71 66 1/2 0)
(439/2 69 65 3/2 0)
(221 67 64 1/2 0)
(443/2 67 64 3/2 0)
(223 66 63 1 0)
(224 64 62 1/2 0)
(449/2 62 61 3/2 0)
(226 67 64 1 0)
(227 67 64 1/2 0)
(455/2 69 65 1/2 0)
(228 69 65 1/2 0)
(457/2 69 65 1/2 0)
(229 69 65 1/2 0)
(459/2 69 65 1/2 0)
(230 69 65 1/2 0)
(461/2 69 65 1/2 0)
(231 69 65 1/2 0)
(463/2 69 65 1/2 0)
(232 71 66 1/2 0)
(465/2 71 66 1/2 0)
(233 69 65 1/2 0)
(467/2 67 64 1/2 0)
(234 66 63 1/2 0)
(469/2 64 62 1/2 0)
(235 62 61 1 0)
(236 71 66 1/2 0)
(473/2 67 64 3/2 0)
(238 66 63 1 0)
(239 64 62 1/2 0)
(479/2 62 61 3/2 0)
(241 67 64 1/2 0)
(483/2 71 66 1/2 0)
(242 71 66 1/2 0)
(485/2 71 66 1/2 0)
(243 71 66 1/2 0)
(487/2 69 65 1/2 0)
(244 67 64 3/2 0)
(491/2 62 61 1/2 0)
(246 67 64 1 0)
(247 69 65 1/2 0)
(495/2 67 64 1/2 0)
(248 66 63 1/2 0)
(497/2 64 62 1/2 0)
(249 62 61 1/2 0)
(499/2 64 62 1/2 0)
(250 66 63 1/2 0)
(501/2 67 64 1/2 0)
(251 69 65 1/2 0)
(503/2 71 66 1/2 0)
(252 72 67 1/2 0)
(505/2 69 65 1/2 0)
(253 67 64 1/2 0)
(507/2 69 65 1 0)
(509/2 69 65 1/2 0)
(255 69 65 1/2 0)
(511/2 71 66 1/2 0)
(256 72 67 1/2 0)
(513/2 74 68 1/2 0)
(257 76 69 1/2 0)
(515/2 74 68 1/2 0)
(258 71 66 1/2 0)
(517/2 69 65 1/2 0)
(259 71 66 1/2 0)
(519/2 67 64 1 0)
(521/2 67 64 1/2 0)
(261 67 64 3/2 0)
(525/2 66 63 1 0)
(527/2 64 62 1/2 0)
(264 62 61 1 0)
(265 62 61 1/2 0)
(531/2 72 67 1/2 0)
(266 72 67 1/2 0)
(533/2 72 67 1/2 0)
(267 71 66 3/2 0)
(537/2 69 65 3/2 0)
(270 67 64 3/2 0)
(543/2 69 65 1/2 0)
(272 67 64 3/2 0)
(547/2 67 64 1/2 0)
(274 66 63 1/2 0)
(549/2 64 62 1/2 0)
(275 62 61 3/2 0)
(553/2 67 64 1 0)
(555/2 67 64 1/2 0)
(278 69 65 1/2 0)
(557/2 71 66 1/2 0)
(279 69 65 1/2 0)
(559/2 69 65 1/2 0)
(280 69 65 1/2 0)
(561/2 69 65 1/2 0)
(281 69 65 1/2 0)
(563/2 69 65 1/2 0)
(282 69 65 1/2 0)
(565/2 69 65 1/2 0)
(283 69 65 1/2 0)
(567/2 71 66 1/2 0)
(284 64 62 1 0)
(285 64 62 1/2 0)
(571/2 64 62 1/2 0)
(286 66 63 1/2 0)
(573/2 69 65 1/2 0)
(287 67 64 3/2 0)
(577/2 67 64 1/2 0)
(289 66 63 1/2 0)
(579/2 64 62 1/2 0)
(290 62 61 3/2 0)
(583/2 67 64 1 0)
(585/2 67 64 1/2 0)
(293 69 65 1/2 0)
(587/2 71 66 1/2 0)
(294 69 65 1/2 0)
(589/2 67 64 1 0)
(591/2 71 66 1/2 0)
(296 69 65 1/2 0)
(593/2 67 64 3/2 0)
(298 67 64 1/2 0)
(597/2 66 63 1/2 0)
(299 64 62 1/2 0)
(599/2 62 61 1 0)
(601/2 64 62 1/2 0)
(301 66 63 1 0)
(302 67 64 1/2 0)
(605/2 69 65 1/2 0)
(303 69 65 1/2 0)
(607/2 69 65 1/2 0)
(304 69 65 1/2 0)
(609/2 71 66 1/2 0)
(305 69 65 1/2 0)
(611/2 67 64 3/2 0)
(307 67 64 1/2 0)
(615/2 66 63 1/2 0)
(308 64 62 1/2 0)
(617/2 62 61 1 0)
(619/2 64 62 1/2 0)
(310 66 63 1 0)
(311 67 64 1/2 0)
(623/2 69 65 1/2 0)
(312 69 65 1/2 0)
(625/2 69 65 1/2 0)
(313 69 65 1/2 0)
(627/2 69 65 1/2 0)
(314 69 65 1/2 0)
(629/2 69 65 1/2 0)
(315 68 64 1/2 0)
(631/2 69 65 1/2 0)
(316 72 67 1/2 0)
(633/2 71 66 1/2 0)
(317 69 65 1/2 0)
(635/2 64 62 1/2 0)
(318 64 62 1/2 0)
(637/2 64 62 1/2 0)
(319 64 62 1/2 0)
(639/2 69 65 1/2 0)
(320 69 65 1/2 0)
(641/2 67 64 3/2 0)
(322 67 64 1/2 0)
(645/2 66 63 1/2 0)
(323 64 62 1/2 0)
(647/2 62 61 3/2 0)
(325 72 67 1 0)
(326 72 67 1/2 0)
(653/2 71 66 3/2 0)
(328 69 65 1/2 0)
(657/2 67 64 1/2 0)
(329 69 65 1/2 0)
(659/2 67 64 3/2 0)
