(0 74 68 1/2 0)
(1/2 71 66 1/2 0)
(1 74 68 1/2 0)
(3/2 79 71 1 0)
(5/2 81 72 1/2 0)
(3 79 71 1 0)
(4 78 70 1/2 0)
(9/2 72 67 3/2 0)
(6 72 67 1/2 0)
(13/2 69 65 1/2 0)
(7 72 67 1/2 0)
(15/2 78 70 1 0)
(17/2 76 69 1/2 0)
(9 74 68 1 0)
(10 72 67 1/2 0)
(21/2 71 66 3/2 0)
(12 74 68 1/2 0)
(25/2 71 66 1/2 0)
(13 74 68 1/2 0)
(27/2 79 71 1 0)
(29/2 83 73 1/2 0)
(15 81 72 1 0)
(16 79 71 1/2 0)
(33/2 76 69 3/2 0)
(18 81 72 1/2 0)
(37/2 79 71 3/4 0)
(77/4 76 69 1/4 0)
(39/2 74 68 1 0)
(41/2 79 71 1/2 0)
(21 78 70 1/2 0)
(43/2 76 69 1/2 0)
(22 78 70 1/2 0)
(45/2 79 71 3/2 0)
(24 62 61 1/2 0)
(49/2 62 61 1/2 0)
(25 67 64 3/2 0)
(53/2 62 61 1/2 0)
(27 66 63 1/2 0)
(55/2 64 62 1/2 0)
(28 60 60 3/2 0)
(59/2 60 60 1/2 0)
(30 60 60 1/2 0)
(61/2 62 61 1/2 0)
(31 66 63 1 0)
(32 66 63 1 0)
(33 64 62 1/2 0)
(67/2 62 61 1/2 0)
(34 59 59 3/2 0)
(71/2 62 61 1/2 0)
(36 62 61 1/2 0)
(73/2 62 61 1/2 0)
(37 67 64 1 0)
(38 71 66 1 0)
(39 69 65 1/2 0)
(79/2 67 64 1/2 0)
(40 64 62 1/2 0)
(81/2 69 65 1/2 0)
(41 69 65 1/2 0)
(83/2 67 64 1/2 0)
(42 66 63 1/2 0)
(85/2 62 61 1/2 0)
(43 64 62 1/2 0)
(87/2 66 63 1/2 0)
(44 67 64 2 0)
(46 74 68 1 0)
(47 71 66 1/2 0)
(95/2 74 68 1/2 0)
(48 79 71 1 0)
(49 81 72 1 0)
(50 79 71 1/2 0)
(101/2 78 70 1/2 0)
(51 72 67 3/2 0)
(105/2 69 65 1/4 0)
(211/4 69 65 1/4 0)
(53 71 66 1/2 0)
(107/2 72 67 1/2 0)
(54 78 70 3/2 0)
(111/2 76 69 1/2 0)
(56 76 69 1/2 0)
(113/2 74 68 1/2 0)
(57 71 66 1 0)
(58 74 68 1 0)
(59 71 66 1/2 0)
(119/2 74 68 1/2 0)
(60 79 71 1 0)
(61 83 73 1 0)
(62 81 72 1/2 0)
(125/2 79 71 1/2 0)
(63 76 69 3/2 0)
(129/2 78 70 1/4 0)
(259/4 78 70 1/4 0)
(65 81 72 1/2 0)
(131/2 79 71 1/2 0)
(66 74 68 1/2 0)
(133/2 74 68 1/2 0)
(67 76 69 1/2 0)
(135/2 78 70 1/2 0)
(68 79 71 2 0)
(70 62 61 1 0)
(71 59 59 1 0)
(72 62 61 1 0)
(73 67 64 3 0)
(76 62 61 1 0)
(77 66 63 1 0)
(78 64 62 1 0)
(79 60 60 3 0)
(82 60 60 3/4 0)
(331/4 60 60 1/4 0)
(83 57 58 1 0)
(84 66 63 1 0)
(85 66 63 3 0)
(88 64 62 1 0)
(89 64 62 1 0)
(90 62 61 1 0)
(91 59 59 3 0)
(94 62 61 1 0)
(95 59 59 1 0)
(96 62 61 1 0)
(97 67 64 2 0)
(99 71 66 2 0)
(101 71 66 1 0)
(102 69 65 1 0)
(103 64 62 3 0)
(106 69 65 3/4 0)
(427/4 69 65 1/4 0)
(107 69 65 1 0)
(108 67 64 1 0)
(109 62 61 1 0)
(110 62 61 1 0)
(111 64 62 1 0)
(112 66 63 1 0)
(113 67 64 2 0)
(115 62 61 1/2 0)
(231/2 59 59 1/2 0)
(116 62 61 1/2 0)
(233/2 67 64 1 0)
(235/2 69 65 1 0)
(237/2 67 64 1/2 0)
(119 66 63 1/2 0)
(239/2 60 60 3/2 0)
(121 60 60 1/2 0)
(243/2 60 60 1/2 0)
(122 62 61 1/2 0)
(245/2 66 63 3/2 0)
(124 64 62 1/2 0)
(249/2 64 62 1/2 0)
(125 62 61 1/2 0)
(251/2 59 59 3/2 0)
(127 62 61 1/2 0)
(255/2 59 59 1/2 0)
(128 62 61 1/2 0)
(257/2 67 64 1/2 0)
(129 71 66 1/2 0)
(259/2 71 66 1 0)
(261/2 69 65 1/2 0)
(131 67 64 1/2 0)
(263/2 64 62 3/2 0)
(133 66 63 1/2 0)
(267/2 69 65 1/2 0)
(134 67 64 1/2 0)
(269/2 62 61 3/4 0)
(541/4 62 61 1/4 0)
(271/2 64 62 1/2 0)
(136 66 63 1/2 0)
(273/2 67 64 3/2 0)
(138 62 61 1/2 0)
(277/2 62 61 3/4 0)
(557/4 59 59 1/4 0)
(279/2 64 62 3/2 0)
(141 62 61 1/2 0)
(283/2 62 61 3/4 0)
(569/4 60 60 1/4 0)
(285/2 60 60 3/2 0)
(144 60 60 1/2 0)
(289/2 60 60 1/2 0)
(145 62 61 1/2 0)
(291/2 66 63 3/2 0)
(147 60 60 1/2 0)
(295/2 64 62 1/2 0)
(148 62 61 1/2 0)
(297/2 59 59 3/2 0)
(150 62 61 1/2 0)
(301/2 62 61 1/2 0)
(151 62 61 1/2 0)
(303/2 67 64 3/2 0)
(153 71 66 1/2 0)
(307/2 69 65 1/2 0)
(154 67 64 1/2 0)
(309/2 57 58 3/2 0)
(156 59 59 1/2 0)
(313/2 60 60 1/2 0)
(157 62 61 1/2 0)
(315/2 66 63 3/2 0)
(159 62 61 1/2 0)
(319/2 64 62 1/2 0)
(160 66 63 1/2 0)
(321/2 67 64 3/2 0)
(162 62 61 1/2 0)
(325/2 59 59 1/2 0)
(163 62 61 1/2 0)
(327/2 67 64 1 0)
(329/2 69 65 1 0)
(331/2 67 64 1/2 0)
(166 66 63 1/2 0)
(333/2 60 60 3/2 0)
(168 57 58 1/2 0)
(337/2 60 60 1/2 0)
(169 62 61 1/2 0)
(339/2 66 63 1 0)
(341/2 64 62 3/4 0)
(685/4 64 62 1/4 0)
(343/2 67 64 1/2 0)
(172 62 61 1/2 0)
(345/2 59 59 2 0)
(349/2 62 61 1 0)
(351/2 59 59 1/2 0)
(176 62 61 1/2 0)
(353/2 67 64 1/2 0)
(177 71 66 1/2 0)
(355/2 71 66 1 0)
(357/2 69 65 1/2 0)
(179 67 64 1/2 0)
(359/2 64 62 3/2 0)
(181 69 65 1/2 0)
(363/2 69 65 1/2 0)
(182 67 64 1/2 0)
(365/2 66 63 1 0)
(367/2 66 63 3/4 0)
(737/4 66 63 1/4 0)
(369/2 64 62 1/2 0)
(185 66 63 1/2 0)
(371/2 67 64 3/2 0)
(187 72 67 1/2 0)
(375/2 72 67 3/4 0)
(753/4 69 65 1/4 0)
(377/2 74 68 3/2 0)
(190 72 67 1/2 0)
(381/2 72 67 3/4 0)
(765/4 71 66 1/4 0)
(383/2 70 66 3/2 0)
(193 69 65 1/2 0)
(387/2 70 66 3/4 0)
(777/4 72 67 1/4 0)
(389/2 76 69 3/2 0)
(196 70 66 1/2 0)
(393/2 74 68 3/4 0)
(789/4 72 67 1/4 0)
(395/2 69 65 3/2 0)
(199 72 67 1/2 0)
(399/2 69 65 3/4 0)
(801/4 72 67 1/4 0)
(401/2 77 70 3/2 0)
(202 81 72 1/2 0)
(405/2 79 71 1/2 0)
(203 77 70 1/2 0)
(407/2 67 64 3/2 0)
(205 69 65 1/2 0)
(411/2 70 66 1/2 0)
(206 72 67 1/2 0)
(413/2 76 69 3/2 0)
(208 72 67 1/2 0)
(417/2 74 68 1/2 0)
(209 76 69 1/2 0)
(419/2 77 70 3/2 0)
(211 62 61 1/2 0)
(423/2 62 61 1/2 0)
(212 62 61 1/2 0)
(425/2 67 64 3/2 0)
(214 62 61 1/2 0)
(429/2 66 63 1/2 0)
(215 64 62 1/2 0)
(431/2 60 60 3/2 0)
(217 60 60 1/2 0)
(435/2 60 60 1/2 0)
(218 62 61 1/2 0)
(437/2 66 63 1 0)
(439/2 66 63 1 0)
(441/2 64 62 1/2 0)
(221 62 61 1/2 0)
(443/2 59 59 1 0)
(445/2 62 61 1/2 0)
(223 62 61 1/2 0)
(447/2 62 61 1/2 0)
(224 67 64 1 0)
(225 71 66 3/4 0)
(903/4 71 66 1/4 0)
(226 69 65 1/2 0)
(453/2 67 64 1/2 0)
(227 64 62 3/4 0)
(911/4 69 65 1/4 0)
(228 69 65 1/2 0)
(457/2 67 64 1/2 0)
(229 66 63 1/2 0)
(459/2 62 61 1/2 0)
(230 64 62 1/2 0)
(461/2 66 63 1/2 0)
(231 67 64 1 0)
