(0 62 61 1/2 0)
(1/2 67 64 3/4 0)
(5/4 67 64 1/4 0)
(3/2 69 65 1/2 0)
(2 71 66 3/2 0)
(7/2 67 64 3/2 0)
(5 74 68 1/2 0)
(11/2 76 69 1/2 0)
(6 74 68 1/2 0)
(13/2 74 68 3/2 0)
(8 74 68 1/2 0)
(17/2 76 69 1/2 0)
(9 78 70 1/2 0)
(19/2 79 71 1/2 0)
(10 78 70 1/2 0)
(21/2 76 69 1/2 0)
(11 76 69 3/2 0)
(25/2 74 68 5/2 0)
(15 74 68 1/2 0)
(31/2 79 71 1/2 0)
(16 78 70 1/2 0)
(33/2 76 69 1/2 0)
(17 74 68 3/2 0)
(37/2 71 66 1 0)
(39/2 76 69 1/4 0)
(79/4 76 69 1/4 0)
(20 74 68 1/2 0)
(41/2 72 67 1/2 0)
(21 71 66 1/2 0)
(43/2 69 65 1 0)
(45/2 71 66 1/4 0)
(91/4 72 67 1/4 0)
(23 74 68 1 0)
(24 74 68 1/2 0)
(49/2 72 67 1 0)
(51/2 71 66 1/2 0)
(26 69 65 1/2 0)
(53/2 67 64 1/2 0)
(27 74 68 1/2 0)
(55/2 79 71 1/2 0)
(28 78 70 1/2 0)
(57/2 76 69 1/2 0)
(29 74 68 3/2 0)
(61/2 71 66 1 0)
(63/2 76 69 1/4 0)
(127/4 76 69 1/4 0)
(32 74 68 1/2 0)
(65/2 72 67 1/2 0)
(33 71 66 1/2 0)
(67/2 69 65 1 0)
(69/2 71 66 1/4 0)
(139/4 72 67 1/4 0)
(35 74 68 1 0)
(36 74 68 1/2 0)
(73/2 72 67 1 0)
(75/2 71 66 1/2 0)
(38 69 65 1/2 0)
(77/2 67 64 1/2 0)
(39 62 61 1/2 0)
(79/2 67 64 1/2 0)
(40 69 65 1/2 0)
(81/2 71 66 3/2 0)
(42 67 64 1/2 0)
(85/2 71 66 1/2 0)
(43 72 67 1/2 0)
(87/2 74 68 3/2 0)
(45 74 68 1/2 0)
(91/2 76 69 1/2 0)
(46 78 70 1/2 0)
(93/2 79 71 1 0)
(95/2 78 70 1/2 0)
(48 76 69 1/2 0)
(97/2 74 68 3/4 0)
(197/4 76 69 1/4 0)
(99/2 74 68 3/2 0)
(51 74 68 1/2 0)
(103/2 79 71 1/2 0)
(52 79 71 3/4 0)
(211/4 74 68 1/4 0)
(53 76 69 1/2 0)
(107/2 76 69 1/2 0)
(54 76 69 1/2 0)
(109/2 72 67 1/2 0)
(55 74 68 1/2 0)
(111/2 76 69 1/2 0)
(56 74 68 3/2 0)
(115/2 74 68 1/2 0)
(58 71 66 1/2 0)
(117/2 74 68 1/2 0)
(59 72 67 1 0)
(60 71 66 1/2 0)
(121/2 69 65 1/2 0)
(61 67 64 5/2 0)
(127/2 62 61 1/2 0)
(64 67 64 1/2 0)
(129/2 69 65 1/2 0)
(65 71 66 1 0)
(66 67 64 1/2 0)
(133/2 71 66 1/2 0)
(67 72 67 1/2 0)
(135/2 74 68 1 0)
(137/2 74 68 1/2 0)
(69 76 69 1/2 0)
(139/2 78 70 1/2 0)
(70 79 71 1 0)
(71 78 70 1/2 0)
(143/2 76 69 1/2 0)
(72 76 69 1/2 0)
(145/2 74 68 3/2 0)
(74 74 68 1/2 0)
(149/2 79 71 1/2 0)
(75 79 71 1/2 0)
(151/2 74 68 1/2 0)
(76 76 69 3/4 0)
(307/4 76 69 1/4 0)
(77 76 69 1/2 0)
(155/2 72 67 1/2 0)
(78 74 68 1/2 0)
(157/2 76 69 1/2 0)
(79 74 68 1 0)
(80 74 68 1/2 0)
(161/2 71 66 1 0)
(163/2 74 68 1/2 0)
(82 72 67 1 0)
(83 71 66 1/2 0)
(167/2 69 65 1/2 0)
(84 67 64 1 0)
(85 72 67 1 0)
(86 71 66 1/2 0)
(173/2 69 65 1/2 0)
(87 67 64 1/2 0)
(175/2 71 66 1/2 0)
(88 74 68 1/2 0)
(177/2 76 69 1/2 0)
(89 74 68 3/2 0)
(181/2 74 68 1/2 0)
(91 76 69 1/2 0)
(183/2 74 68 1/2 0)
(92 79 71 1 0)
(93 78 70 1 0)
(94 76 69 1 0)
(95 74 68 1 0)
(96 74 68 1/2 0)
(193/2 79 71 1/3 0)
(581/6 78 70 1/3 0)
(583/6 76 69 1/3 0)
(195/2 74 68 1/2 0)
(98 71 66 1/2 0)
(197/2 76 69 1/2 0)
(99 74 68 1 0)
(100 72 67 1/2 0)
(201/2 71 66 1/2 0)
(101 69 65 2 0)
(103 71 66 1/3 0)
(310/3 74 68 1/3 0)
(311/3 74 68 1/3 0)
(104 67 64 1/3 0)
(313/3 72 67 1/3 0)
(314/3 71 66 1/3 0)
(105 69 65 1 0)
(106 67 64 1 0)
(107 72 67 1 0)
(108 71 66 1 0)
(109 69 65 1 0)
(110 67 64 3/2 0)
(223/2 67 64 1/2 0)
(112 69 65 1 0)
(113 71 66 1 0)
(114 72 67 1 0)
(115 74 68 3 0)
(118 74 68 1 0)
(119 76 69 1 0)
(120 78 70 1 0)
(121 79 71 1 0)
(122 78 70 3/2 0)
(247/2 76 69 1/2 0)
(124 76 69 2 0)
(126 74 68 2 0)
(128 79 71 1 0)
(129 78 70 1 0)
(130 76 69 3/4 0)
(523/4 74 68 1/4 0)
(131 74 68 1 0)
(132 74 68 1 0)
(133 71 66 1/2 0)
(267/2 76 69 1/2 0)
(134 74 68 1 0)
(135 72 67 1/2 0)
(271/2 71 66 1/2 0)
(136 69 65 2 0)
(138 71 66 1/2 0)
(277/2 72 67 1/2 0)
(139 74 68 1 0)
(140 74 68 3/4 0)
(563/4 67 64 1/4 0)
(141 72 67 1 0)
(142 71 66 1 0)
(143 69 65 1 0)
(144 67 64 2 0)
(146 71 66 2 0)
(148 67 64 1/4 0)
(593/4 67 64 1/4 0)
(297/2 69 65 1/2 0)
(149 71 66 3/4 0)
(599/4 71 66 3/4 0)
(301/2 69 65 1/2 0)
(151 71 66 1/2 0)
(303/2 72 67 1/2 0)
(152 74 68 1 0)
(153 74 68 1 0)
(154 76 69 1 0)
(155 81 72 1 0)
(156 79 71 1 0)
(157 78 70 1 0)
(158 76 69 1 0)
(159 76 69 1 0)
(160 74 68 1 0)
(161 74 68 1 0)
(162 78 70 2 0)
(164 74 68 1 0)
(165 76 69 3/2 0)
(333/2 76 69 1/2 0)
(167 76 69 1/2 0)
(335/2 76 69 1/2 0)
(168 76 69 1/2 0)
(337/2 76 69 1/2 0)
(169 72 67 1 0)
(170 74 68 1 0)
(171 76 69 1 0)
(172 74 68 2 0)
(174 74 68 1 0)
(175 71 66 1 0)
(176 67 64 1/2 0)
(353/2 67 64 1/2 0)
(177 74 68 2 0)
(179 71 66 1 0)
(180 69 65 1 0)
(181 67 64 1 0)
(182 74 68 1 0)
(183 78 70 2 0)
(185 74 68 1 0)
(186 76 69 3/2 0)
(375/2 76 69 1/2 0)
(188 76 69 1/2 0)
(377/2 76 69 1/2 0)
(189 76 69 1/2 0)
(379/2 76 69 1/2 0)
(190 72 67 1 0)
(191 74 68 1 0)
(192 76 69 1 0)
(193 74 68 2 0)
(195 74 68 1 0)
(196 71 66 1 0)
(197 67 64 1/2 0)
(395/2 67 64 1/2 0)
(198 74 68 2 0)
(200 71 66 1 0)
(201 69 65 1 0)
(202 67 64 1 0)
(203 67 64 1/2 0)
(407/2 69 65 1/2 0)
(204 71 66 2 0)
(206 67 64 1 0)
(207 71 66 1 0)
(208 76 69 1 0)
(209 74 68 3 0)
(212 74 68 1 0)
(213 76 69 1 0)
(214 78 70 1 0)
(215 79 71 2 0)
(217 78 70 1 0)
(218 76 69 1 0)
(219 74 68 4 0)
(223 74 68 1 0)
(224 79 71 2 0)
(226 71 66 1 0)
(227 76 69 1 0)
(228 76 69 1 0)
(229 76 69 1/2 0)
(459/2 76 69 1/2 0)
(230 72 67 1 0)
(231 74 68 1 0)
(232 76 69 1 0)
(233 74 68 2 0)
(235 74 68 1 0)
(236 71 66 1 0)
(237 67 64 1 0)
(238 74 68 2 0)
(240 71 66 1 0)
(241 69 65 1 0)
(242 67 64 4 0)
(246 74 68 1 0)
(247 79 71 2 0)
(249 71 66 1 0)
(250 76 69 1 0)
(251 76 69 1 0)
(252 76 69 1/2 0)
(505/2 76 69 1/2 0)
(253 72 67 1 0)
(254 74 68 1 0)
(255 76 69 1 0)
(256 74 68 2 0)
(258 74 68 1 0)
(259 71 66 1 0)
(260 67 64 1 0)
(261 74 68 2 0)
(263 71 66 1 0)
(264 69 65 1 0)
(265 67 64 4 0)
(269 71 66 1/2 0)
(539/2 67 64 1/2 0)
(270 69 65 1/2 0)
(541/2 71 66 1 0)
(543/2 69 65 1/2 0)
(272 71 66 1/2 0)
(545/2 76 69 1/2 0)
(273 74 68 3/2 0)
(549/2 74 68 1/2 0)
(275 76 69 1/2 0)
(551/2 78 70 1/2 0)
(276 79 71 1 0)
(277 78 70 1/2 0)
(555/2 76 69 1/2 0)
(278 74 68 3/2 0)
(559/2 74 68 1/2 0)
(280 79 71 1/2 0)
(561/2 79 71 1 0)
(563/2 71 66 1/2 0)
(282 76 69 1/2 0)
(565/2 76 69 1 0)
(567/2 76 69 1/2 0)
(284 72 67 1/2 0)
(569/2 74 68 1/2 0)
(285 76 69 1/2 0)
(571/2 74 68 1 0)
(573/2 74 68 1/2 0)
(287 71 66 1/2 0)
(575/2 67 64 1/2 0)
(288 74 68 1 0)
(289 71 66 1/2 0)
(579/2 69 65 1/2 0)
(290 67 64 1 0)
(291 74 68 1/2 0)
(583/2 79 71 1/2 0)
(292 79 71 1 0)
(293 71 66 1/2 0)
(587/2 76 69 1/2 0)
(294 76 69 1 0)
(295 76 69 1/2 0)
(591/2 72 67 1/2 0)
(296 74 68 1/2 0)
(593/2 76 69 1/2 0)
(297 74 68 1 0)
(298 74 68 1/2 0)
(597/2 71 66 1/2 0)
(299 67 64 1/2 0)
(599/2 74 68 1 0)
(601/2 71 66 1/2 0)
(301 69 65 1/2 0)
(603/2 67 64 1 0)
(605/2 62 61 1/2 0)
(303 67 64 1 0)
(304 69 65 1/2 0)
(609/2 71 66 1 0)
(611/2 69 65 1/2 0)
(306 71 66 1 0)
(307 72 67 1/2 0)
(615/2 74 68 1 0)
(617/2 74 68 1/2 0)
(309 76 69 1 0)
(310 81 72 1/2 0)
(621/2 81 72 1/2 0)
(311 79 71 3/2 0)
(625/2 78 70 1/2 0)
(313 76 69 1/2 0)
(627/2 74 68 1 0)
(629/2 74 68 1/2 0)
(315 79 71 1/2 0)
(631/2 79 71 1/2 0)
(316 78 70 1/2 0)
(633/2 76 69 1 0)
(635/2 76 69 1/2 0)
(318 72 67 1/2 0)
(637/2 74 68 1/2 0)
(319 76 69 1/2 0)
(639/2 74 68 1 0)
(641/2 71 66 3/4 0)
(1285/4 71 66 1/4 0)
(643/2 67 64 1 0)
(645/2 71 66 1/2 0)
(323 74 68 1 0)
(324 71 66 1/4 0)
(1297/4 71 66 1/4 0)
(649/2 69 65 1/2 0)
(325 67 64 1 0)
(326 67 64 1/2 0)
(653/2 71 66 1/2 0)
(327 69 65 1/2 0)
(655/2 71 66 1/2 0)
(328 69 65 1/2 0)
(657/2 71 66 1/2 0)
(329 72 67 1/2 0)
(659/2 74 68 3/2 0)
(331 74 68 1/2 0)
(663/2 76 69 1/4 0)
(1327/4 76 69 1/4 0)
(332 81 72 1/2 0)
(665/2 79 71 1 0)
(667/2 78 70 1/2 0)
(334 76 69 1/2 0)
(669/2 74 68 1 0)
(671/2 74 68 1/2 0)
(336 79 71 1/2 0)
(673/2 79 71 1 0)
(675/2 74 68 1/2 0)
(338 76 69 1/2 0)
(677/2 76 69 1 0)
(679/2 72 67 1/2 0)
(340 72 67 1/2 0)
(681/2 74 68 1/2 0)
(341 76 69 1/2 0)
(683/2 74 68 1 0)
(685/2 71 66 1/2 0)
(343 67 64 1/2 0)
(687/2 74 68 1/2 0)
(344 74 68 1/2 0)
(689/2 71 66 1/2 0)
(345 69 65 1/2 0)
(691/2 69 65 1/2 0)
(346 67 64 1 0)
(347 67 64 1 0)
(348 71 66 2 0)
(350 67 64 1 0)
(351 71 66 2 0)
(353 67 64 1 0)
(354 71 66 1 0)
(355 76 69 1 0)
(356 74 68 2 0)
(358 74 68 1 0)
(359 76 69 1 0)
(360 78 70 1 0)
(361 79 71 2 0)
(363 78 70 1 0)
(364 76 69 1 0)
(365 74 68 4 0)
(369 74 68 1/2 0)
(739/2 74 68 1/2 0)
(370 79 71 2 0)
(372 71 66 1 0)
(373 76 69 1/2 0)
(747/2 76 69 1 0)
(749/2 76 69 1 0)
(751/2 72 67 1 0)
(753/2 74 68 1 0)
(755/2 76 69 1 0)
(757/2 74 68 2 0)
(761/2 74 68 1 0)
(763/2 71 66 1 0)
(765/2 67 64 1 0)
(767/2 72 67 2 0)
(771/2 71 66 1 0)
(773/2 69 65 1 0)
(775/2 67 64 4 0)
(783/2 74 68 1/2 0)
(392 74 68 1/2 0)
(785/2 79 71 2 0)
(789/2 71 66 1 0)
(791/2 76 69 1/2 0)
(396 76 69 1 0)
(397 76 69 1 0)
(398 72 67 1 0)
(399 74 68 1 0)
(400 76 69 1 0)
(401 74 68 2 0)
(403 74 68 1 0)
(404 71 66 1 0)
(405 67 64 1 0)
(406 72 67 2 0)
(408 71 66 1 0)
(409 69 65 1 0)
(410 67 64 4 0)
(414 63 62 1/4 0)
(1657/4 65 63 1/4 0)
(829/2 67 64 1/2 0)
(415 67 64 1/4 0)
(1661/4 65 63 1/4 0)
(831/2 63 62 1/2 0)
(416 63 62 1/4 0)
(1665/4 65 63 1/4 0)
(833/2 67 64 1/2 0)
(417 72 67 1/2 0)
(835/2 70 66 1/2 0)
(418 63 62 1/4 0)
(1673/4 65 63 1/4 0)
(837/2 67 64 1/2 0)
(419 67 64 1/4 0)
(1677/4 65 63 1/4 0)
(839/2 63 62 1/2 0)
(420 63 62 1/4 0)
(1681/4 65 63 1/4 0)
(841/2 67 64 1/2 0)
(421 72 67 1/2 0)
(843/2 70 66 1/2 0)
(422 70 66 1/4 0)
(1689/4 70 66 3/4 0)
(423 70 66 1/4 0)
(1693/4 72 67 1/4 0)
(847/2 74 68 1/4 0)
(1695/4 75 69 1/4 0)
(424 72 67 1/4 0)
(1697/4 72 67 1/2 0)
(1699/4 70 66 1/2 0)
(1701/4 70 66 1/2 0)
(1703/4 75 69 3/4 0)
(853/2 70 66 1/4 0)
(1707/4 70 66 1/2 0)
(1709/4 68 65 1/4 0)
(855/2 67 64 1/4 0)
(1711/4 65 63 1/4 0)
(428 67 64 1/4 0)
(1713/4 68 65 1/4 0)
(857/2 70 66 1/4 0)
(1715/4 67 64 1/2 0)
(1717/4 70 66 1/2 0)
(1719/4 72 67 3/4 0)
(861/2 70 66 1/4 0)
(1723/4 70 66 1/2 0)
(1725/4 68 65 1/4 0)
(863/2 67 64 1/4 0)
(1727/4 67 64 3/4 0)
(865/2 65 63 1/4 0)
(1731/4 63 62 1/2 0)
(1733/4 71 66 1 0)
(1737/4 71 66 1 0)
(1741/4 69 65 1 0)
(1745/4 67 64 3 0)
(1757/4 69 65 1 0)
(1761/4 71 66 3/2 0)
(1767/4 74 68 1/2 0)
(1769/4 74 68 3 0)
(1781/4 74 68 1 0)
(1785/4 76 69 1 0)
(1789/4 78 70 1 0)
(1793/4 79 71 1/2 0)
(1795/4 78 70 1/2 0)
(1797/4 76 69 1/2 0)
(1799/4 74 68 1/2 0)
(1801/4 76 69 1 0)
(1805/4 74 68 2 0)
(1813/4 74 68 1 0)
(1817/4 79 71 1 0)
(1821/4 78 70 3/4 0)
(456 76 69 1/4 0)
(1825/4 74 68 1 0)
(1829/4 71 66 1 0)
(1833/4 76 69 1 0)
(1837/4 74 68 1 0)
(1841/4 72 67 1/2 0)
(1843/4 71 66 1/2 0)
(1845/4 69 65 3 0)
(1857/4 74 68 1 0)
(1861/4 74 68 1/2 0)
(1863/4 74 68 1/2 0)
(1865/4 67 64 1 0)
(1869/4 72 67 1/2 0)
(1871/4 71 66 1/2 0)
(1873/4 69 65 1 0)
(1877/4 67 64 2 0)
