(0 74 68 3/4 0)
(3/4 74 68 1/4 0)
(1 67 64 3/4 0)
(7/4 67 64 1/4 0)
(2 71 66 3/4 0)
(11/4 71 66 1/4 0)
(3 69 65 3/4 0)
(15/4 69 65 1/4 0)
(4 67 64 3/4 0)
(19/4 69 65 1/4 0)
(5 71 66 1 0)
(6 71 66 2 0)
(8 74 68 3/4 0)
(35/4 74 68 1/4 0)
(9 67 64 3/4 0)
(39/4 67 64 1/4 0)
(10 71 66 3/4 0)
(43/4 71 66 1/4 0)
(11 69 65 3/4 0)
(47/4 69 65 1/4 0)
(12 67 64 3/4 0)
(51/4 69 65 1/4 0)
(13 71 66 1 0)
(14 71 66 3/2 0)
(31/2 71 66 1/2 0)
(16 71 66 3/4 0)
(67/4 72 67 1/4 0)
(17 74 68 7/4 0)
(75/4 76 69 1/4 0)
(19 72 67 1/2 0)
(39/2 71 66 1/2 0)
(20 72 67 1/2 0)
(41/2 74 68 1/2 0)
(21 76 69 1 0)
(22 76 69 1 0)
(23 76 69 1 0)
(24 71 66 1/2 0)
(49/2 72 67 1/2 0)
(25 74 68 7/4 0)
(107/4 76 69 1/4 0)
(27 74 68 1/2 0)
(55/2 76 69 1/2 0)
(28 74 68 1/2 0)
(57/2 72 67 1/2 0)
(29 71 66 3 0)
(32 74 68 1/2 0)
(65/2 74 68 1/2 0)
(33 67 64 1/2 0)
(67/2 67 64 1/2 0)
(34 67 64 1 0)
(35 69 65 1 0)
(36 67 64 1/2 0)
(73/2 69 65 1/2 0)
(37 71 66 1 0)
(38 71 66 1 0)
(39 74 68 1/2 0)
(79/2 74 68 1/2 0)
(40 67 64 1/2 0)
(81/2 67 64 1/2 0)
(41 67 64 1 0)
(42 69 65 1 0)
(43 67 64 1/2 0)
(87/2 69 65 1/2 0)
(44 71 66 1 0)
(45 71 66 1 0)
(46 71 66 1/2 0)
(93/2 72 67 1/2 0)
(47 74 68 3/2 0)
(97/2 74 68 1/2 0)
(49 71 66 1/2 0)
(99/2 71 66 1/2 0)
(50 72 67 1/2 0)
(101/2 74 68 1/2 0)
(51 76 69 1 0)
(52 76 69 1 0)
(53 76 69 1 0)
(54 78 70 1/2 0)
(109/2 76 69 1/2 0)
(55 74 68 3/2 0)
(113/2 74 68 1/2 0)
(57 76 69 1/2 0)
(115/2 76 69 1/2 0)
(58 76 69 1/2 0)
(117/2 74 68 1/2 0)
(59 71 66 3 0)
(62 74 68 1/2 0)
(125/2 74 68 1/2 0)
(63 67 64 1 0)
(64 67 64 1/2 0)
(129/2 67 64 1/2 0)
(65 69 65 1 0)
(66 67 64 3/4 0)
(267/4 69 65 1/4 0)
(67 71 66 1 0)
(68 71 66 2 0)
(70 74 68 1/2 0)
(141/2 74 68 1/2 0)
(71 67 64 1 0)
(72 67 64 1/2 0)
(145/2 67 64 1/2 0)
(73 69 65 1 0)
(74 67 64 3/4 0)
(299/4 69 65 1/4 0)
(75 71 66 1 0)
(76 71 66 2 0)
(78 71 66 3/4 0)
(315/4 72 67 1/4 0)
(79 74 68 3/2 0)
(161/2 74 68 1/4 0)
(323/4 74 68 1/4 0)
(81 72 67 3/4 0)
(327/4 71 66 1/4 0)
(82 72 67 3/4 0)
(331/4 74 68 1/4 0)
(83 76 69 1 0)
(84 76 69 1 0)
(85 76 69 1 0)
(86 72 67 3/4 0)
(347/4 76 69 1/4 0)
(87 74 68 3/2 0)
(177/2 74 68 1/4 0)
(355/4 74 68 1/4 0)
(89 72 67 3/4 0)
(359/4 76 69 1/4 0)
(90 74 68 3/4 0)
(363/4 72 67 1/4 0)
(91 71 66 3 0)
(94 74 68 3/4 0)
(379/4 74 68 1/4 0)
(95 67 64 3/4 0)
(383/4 67 64 1/4 0)
(96 67 64 1/2 0)
(193/2 67 64 1/2 0)
(97 69 65 3/4 0)
(391/4 69 65 1/4 0)
(98 67 64 3/4 0)
(395/4 69 65 1/4 0)
(99 71 66 1 0)
(100 71 66 2 0)
(102 74 68 3/4 0)
(411/4 74 68 1/4 0)
(103 67 64 3/4 0)
(415/4 67 64 1/4 0)
(104 67 64 1/2 0)
(209/2 67 64 1/2 0)
(105 69 65 3/4 0)
(423/4 69 65 1/4 0)
(106 67 64 3/4 0)
(427/4 69 65 1/4 0)
(107 71 66 1 0)
(108 71 66 2 0)
(110 71 66 3/4 0)
(443/4 72 67 1/4 0)
(111 74 68 3/4 0)
(447/4 74 68 1/4 0)
(112 74 68 1 0)
(113 72 67 3/4 0)
(455/4 71 66 1/4 0)
(114 72 67 3/4 0)
(459/4 74 68 1/4 0)
(115 76 69 1 0)
(116 76 69 1 0)
(117 76 69 1 0)
(118 76 69 3/4 0)
(475/4 76 69 1/4 0)
(119 74 68 1 0)
(120 74 68 1/2 0)
(241/2 74 68 1/2 0)
(121 72 67 3/4 0)
(487/4 76 69 1/4 0)
(122 74 68 3/4 0)
(491/4 72 67 1/4 0)
(123 71 66 3 0)
(126 74 68 1/2 0)
(253/2 74 68 1/2 0)
(127 67 64 1/2 0)
(255/2 67 64 1/2 0)
(128 67 64 1/2 0)
(257/2 67 64 1/2 0)
(129 69 65 1/2 0)
(259/2 69 65 1/2 0)
(130 67 64 1/2 0)
(261/2 69 65 1/2 0)
(131 71 66 1 0)
(132 71 66 2 0)
(134 74 68 1/2 0)
(269/2 74 68 1/2 0)
(135 67 64 1/2 0)
(271/2 67 64 1/2 0)
(136 67 64 1/2 0)
(273/2 67 64 1/2 0)
(137 69 65 1/2 0)
(275/2 69 65 1/2 0)
(138 67 64 1/2 0)
(277/2 69 65 1/2 0)
(139 71 66 1 0)
(140 71 66 2 0)
(142 71 66 1/2 0)
(285/2 72 67 1/2 0)
(143 74 68 1 0)
(144 76 69 1/2 0)
(289/2 74 68 1/2 0)
(145 72 67 1/2 0)
(291/2 71 66 1/2 0)
(146 72 67 1/2 0)
(293/2 74 68 1/2 0)
(147 76 69 1 0)
(148 76 69 1 0)
(149 76 69 1 0)
(150 71 66 1/2 0)
(301/2 72 67 1/2 0)
(151 74 68 1/2 0)
(303/2 74 68 1/2 0)
(152 76 69 1 0)
(153 72 67 3/4 0)
(615/4 72 67 1/4 0)
(154 74 68 3/4 0)
(619/4 74 68 1/4 0)
(155 71 66 3 0)
(158 74 68 1 0)
(159 67 64 1/2 0)
(319/2 67 64 1/2 0)
(160 71 66 1/2 0)
(321/2 71 66 1/2 0)
(161 69 65 1 0)
(162 67 64 1/2 0)
(325/2 69 65 1/2 0)
(163 71 66 1 0)
(164 71 66 1 0)
(165 74 68 1 0)
(166 67 64 1/2 0)
(333/2 67 64 1/2 0)
(167 71 66 1/2 0)
(335/2 71 66 1/2 0)
(168 69 65 1 0)
(169 67 64 1/2 0)
(339/2 69 65 1/2 0)
(170 71 66 1 0)
(171 71 66 1 0)
(172 71 66 1/2 0)
(345/2 72 67 1/2 0)
(173 74 68 1 0)
(174 76 69 1/2 0)
(349/2 74 68 1/2 0)
(175 72 67 1/2 0)
(351/2 71 66 1/2 0)
(176 72 67 1/2 0)
(353/2 74 68 1/2 0)
(177 76 69 1 0)
(178 76 69 1 0)
(179 76 69 1 0)
(180 71 66 1/2 0)
(361/2 72 67 1/2 0)
(181 74 68 1 0)
(182 76 69 1/2 0)
(365/2 74 68 1/2 0)
(183 72 67 3/4 0)
(735/4 76 69 1/4 0)
(184 74 68 3/4 0)
(739/4 72 67 1/4 0)
(185 71 66 1 0)
(186 74 68 1/2 0)
(373/2 67 64 1 0)
(375/2 67 64 1/2 0)
(188 67 64 1/2 0)
(377/2 69 65 1 0)
(379/2 67 64 1/2 0)
(190 69 65 1/2 0)
(381/2 71 66 1 0)
(383/2 71 66 1 0)
(385/2 74 68 1/2 0)
(193 74 68 1/2 0)
(387/2 67 64 1 0)
(389/2 67 64 1/2 0)
(195 67 64 1/2 0)
(391/2 69 65 1 0)
(393/2 67 64 1/2 0)
(197 69 65 1/2 0)
(395/2 71 66 1 0)
(397/2 71 66 1 0)
(399/2 71 66 1/2 0)
(200 72 67 1/2 0)
(401/2 74 68 1 0)
(403/2 76 69 1/2 0)
(202 74 68 1/2 0)
(405/2 72 67 1/2 0)
(203 71 66 1/2 0)
(407/2 72 67 1/2 0)
(204 74 68 1/2 0)
(409/2 76 69 1 0)
(411/2 76 69 1 0)
(413/2 76 69 1 0)
(415/2 71 66 1/2 0)
(208 72 67 1/2 0)
(417/2 74 68 1 0)
(419/2 76 69 1/2 0)
(210 74 68 1/2 0)
(421/2 72 67 1/2 0)
(211 72 67 1/2 0)
(423/2 76 69 1/2 0)
(212 72 67 1/2 0)
(425/2 71 66 2 0)
(429/2 74 68 1/2 0)
(215 71 66 1/2 0)
(431/2 67 64 1 0)
(433/2 67 64 1/2 0)
(217 67 64 1/2 0)
(435/2 69 65 1 0)
(437/2 67 64 1/2 0)
(219 69 65 1/2 0)
(439/2 71 66 1 0)
(441/2 71 66 1 0)
(443/2 74 68 1/2 0)
(222 71 66 1/2 0)
(445/2 67 64 1 0)
(447/2 67 64 1/2 0)
(224 67 64 1/2 0)
(449/2 69 65 1 0)
(451/2 67 64 1/2 0)
(226 69 65 1/2 0)
(453/2 71 66 1 0)
(455/2 71 66 1 0)
(457/2 71 66 1/2 0)
(229 71 66 1/2 0)
(459/2 72 67 1/2 0)
(230 74 68 3/2 0)
(463/2 74 68 1/2 0)
(232 72 67 1/2 0)
(465/2 71 66 1/2 0)
(233 72 67 1/2 0)
(467/2 74 68 1/2 0)
(234 76 69 1 0)
(235 76 69 1 0)
(236 76 69 1/2 0)
(473/2 76 69 1/2 0)
(237 78 70 1/2 0)
(475/2 76 69 1/2 0)
(238 74 68 3/2 0)
(479/2 74 68 1/2 0)
(240 72 67 1/2 0)
(481/2 76 69 1/2 0)
(241 74 68 3/4 0)
(967/4 72 67 1/4 0)
(242 71 66 2 0)
(244 67 64 1/2 0)
(489/2 69 65 1/2 0)
(245 71 66 1/2 0)
(491/2 74 68 1/2 0)
(246 74 68 1/2 0)
(493/2 74 68 1/2 0)
(247 74 68 1 0)
(248 72 67 1/2 0)
(497/2 71 66 1/2 0)
(249 71 66 1 0)
(250 69 65 1 0)
(251 69 65 1/2 0)
(503/2 71 66 1/2 0)
(252 72 67 1/2 0)
(505/2 76 69 1/2 0)
(253 76 69 1/2 0)
(507/2 76 69 1/2 0)
(254 76 69 1 0)
(255 74 68 1/2 0)
(511/2 72 67 1/2 0)
(256 74 68 1 0)
(257 71 66 1 0)
(258 67 64 1/2 0)
(517/2 71 66 1/2 0)
(259 74 68 1 0)
(260 74 68 3/4 0)
(1043/4 74 68 1/4 0)
(261 74 68 1/2 0)
(523/2 74 68 1/2 0)
(262 72 67 1/2 0)
(525/2 74 68 1/2 0)
(263 76 69 1 0)
(264 76 69 1 0)
(265 79 71 1 0)
(266 78 70 1/2 0)
(533/2 76 69 1/2 0)
(267 74 68 1 0)
(268 74 68 3/4 0)
(1075/4 74 68 1/4 0)
(269 74 68 1/2 0)
(539/2 74 68 1/2 0)
(270 72 67 1/2 0)
(541/2 72 67 1/2 0)
(271 71 66 2 0)
(273 74 68 1/2 0)
(547/2 74 68 1/2 0)
(274 67 64 3/4 0)
(1099/4 67 64 1/4 0)
(275 67 64 1 0)
(276 69 65 1 0)
(277 67 64 1/2 0)
(555/2 69 65 1/2 0)
(278 71 66 1 0)
(279 71 66 2 0)
(281 74 68 1/2 0)
(563/2 74 68 1/2 0)
(282 67 64 3/4 0)
(1131/4 67 64 1/4 0)
(283 67 64 1 0)
(284 69 65 1 0)
(285 67 64 1/2 0)
(571/2 69 65 1/2 0)
(286 71 66 1 0)
(287 71 66 2 0)
(289 71 66 1/2 0)
(579/2 72 67 1/2 0)
(290 74 68 1 0)
(291 74 68 1/2 0)
(583/2 74 68 1/2 0)
(292 72 67 1/2 0)
(585/2 71 66 1/2 0)
(293 72 67 1/2 0)
(587/2 74 68 1/2 0)
(294 76 69 1 0)
(295 76 69 1 0)
(296 76 69 1 0)
(297 78 70 1/2 0)
(595/2 76 69 1/2 0)
(298 74 68 1 0)
(299 74 68 1/2 0)
(599/2 74 68 1/2 0)
(300 76 69 1/2 0)
(601/2 76 69 1/2 0)
(301 74 68 3/4 0)
(1207/4 72 67 1/4 0)
(302 71 66 3 0)
(305 74 68 1/2 0)
(611/2 74 68 1/2 0)
(306 67 64 1 0)
(307 67 64 1/2 0)
(615/2 67 64 1/2 0)
(308 69 65 1 0)
(309 67 64 1/2 0)
(619/2 69 65 1/2 0)
(310 71 66 1 0)
(311 71 66 2 0)
(313 74 68 1/2 0)
(627/2 74 68 1/2 0)
(314 67 64 1 0)
(315 67 64 1/2 0)
(631/2 67 64 1/2 0)
(316 69 65 1 0)
(317 67 64 1/2 0)
(635/2 69 65 1/2 0)
(318 71 66 1 0)
(319 71 66 2 0)
(321 71 66 1/2 0)
(643/2 74 68 3/2 0)
(323 74 68 1/4 0)
(1293/4 74 68 1/4 0)
(647/2 72 67 1/2 0)
(324 71 66 1/2 0)
(649/2 72 67 1/2 0)
(325 74 68 1/2 0)
(651/2 76 69 1 0)
(653/2 76 69 1 0)
(655/2 76 69 1 0)
(657/2 78 70 1/2 0)
(329 79 71 1/2 0)
(659/2 74 68 1/2 0)
(330 74 68 1 0)
(331 76 69 1/2 0)
(663/2 74 68 1/2 0)
(332 74 68 1/2 0)
(665/2 72 67 1/2 0)
(333 72 67 1/2 0)
(667/2 71 66 3 0)
(673/2 74 68 3/4 0)
(1349/4 74 68 1/4 0)
(675/2 67 64 1 0)
(677/2 67 64 1/2 0)
(339 67 64 1/2 0)
(679/2 69 65 1 0)
(681/2 67 64 1/2 0)
(341 69 65 1/2 0)
(683/2 71 66 1 0)
(685/2 71 66 1 0)
(687/2 74 68 3/4 0)
(1377/4 74 68 1/4 0)
(689/2 67 64 1 0)
(691/2 67 64 1/2 0)
(346 67 64 1/2 0)
(693/2 69 65 1 0)
(695/2 67 64 1/2 0)
(348 69 65 1/2 0)
(697/2 71 66 1 0)
(699/2 71 66 1 0)
(701/2 71 66 1/2 0)
(351 71 66 1/2 0)
(703/2 72 67 3/2 0)
(353 71 66 1/2 0)
(707/2 72 67 1/2 0)
(354 71 66 1/2 0)
(709/2 72 67 1/2 0)
(355 74 68 1/2 0)
(711/2 76 69 1 0)
(713/2 76 69 1 0)
(715/2 76 69 1 0)
(717/2 72 67 1/2 0)
(359 76 69 1/2 0)
(719/2 74 68 1 0)
(721/2 76 69 1/2 0)
(361 74 68 1/2 0)
(723/2 72 67 1/2 0)
(362 72 67 1/2 0)
(725/2 74 68 3/4 0)
(1453/4 72 67 1/4 0)
(727/2 71 66 2 0)
(731/2 74 68 1 0)
(733/2 67 64 1 0)
(735/2 67 64 1 0)
(737/2 69 65 1 0)
(739/2 67 64 1/2 0)
(370 69 65 1/2 0)
(741/2 71 66 1 0)
(743/2 71 66 1 0)
(745/2 74 68 1 0)
(747/2 67 64 1 0)
(749/2 67 64 1 0)
(751/2 69 65 1 0)
(753/2 67 64 1/2 0)
(377 69 65 1/2 0)
(755/2 71 66 1 0)
(757/2 71 66 1 0)
(759/2 72 67 1/2 0)
(380 76 69 1/2 0)
(761/2 74 68 3/2 0)
(382 74 68 1/2 0)
(765/2 74 68 1/2 0)
(383 74 68 1/2 0)
(767/2 72 67 1/2 0)
(384 74 68 1/2 0)
(769/2 76 69 1 0)
(771/2 76 69 1 0)
(773/2 76 69 1 0)
(775/2 76 69 1/2 0)
(388 79 71 1/2 0)
(777/2 74 68 3/2 0)
(390 74 68 1/2 0)
(781/2 74 68 1/2 0)
(391 74 68 1/2 0)
(783/2 72 67 1/2 0)
(392 72 67 1/2 0)
(785/2 71 66 3 0)
(791/2 74 68 1/2 0)
(396 74 68 1/2 0)
(793/2 67 64 1/2 0)
(397 67 64 1/2 0)
(795/2 67 64 1/2 0)
(398 67 64 1/2 0)
(797/2 69 65 1/2 0)
(399 69 65 1/2 0)
(799/2 67 64 1/2 0)
(400 69 65 1/2 0)
(801/2 71 66 1 0)
(803/2 71 66 2 0)
(807/2 74 68 1/2 0)
(404 74 68 1/2 0)
(809/2 67 64 1/2 0)
(405 67 64 1/2 0)
(811/2 67 64 1/2 0)
(406 67 64 1/2 0)
(813/2 69 65 1/2 0)
(407 69 65 1/2 0)
(815/2 67 64 1/2 0)
(408 69 65 1/2 0)
(817/2 71 66 1 0)
(819/2 71 66 2 0)
(823/2 71 66 1/2 0)
(412 72 67 1/2 0)
(825/2 74 68 3/2 0)
(414 74 68 1/4 0)
(1657/4 74 68 1/4 0)
(829/2 72 67 1/2 0)
(415 71 66 1/2 0)
(831/2 72 67 1/2 0)
(416 74 68 1/2 0)
(833/2 76 69 1 0)
(835/2 76 69 1 0)
(837/2 79 71 1 0)
(839/2 78 70 1/2 0)
(420 76 69 1/2 0)
(841/2 74 68 3/2 0)
(422 74 68 1/4 0)
(1689/4 74 68 1/4 0)
(845/2 76 69 1/2 0)
(423 76 69 1/2 0)
(847/2 74 68 1/2 0)
(424 72 67 1/2 0)
(849/2 71 66 3 0)
(855/2 74 68 1/2 0)
(428 74 68 1/2 0)
(857/2 74 68 1/2 0)
(429 67 64 1 0)
(430 67 64 1 0)
(431 69 65 3/4 0)
(1727/4 69 65 1/4 0)
(432 67 64 1/2 0)
(865/2 69 65 1/2 0)
(433 71 66 1 0)
(434 71 66 1 0)
(435 74 68 1/2 0)
(871/2 74 68 1/2 0)
(436 74 68 1/2 0)
(873/2 67 64 1 0)
(875/2 67 64 1 0)
(877/2 69 65 3/4 0)
(1757/4 69 65 1/4 0)
(879/2 67 64 1/2 0)
(440 69 65 1/2 0)
(881/2 71 66 1 0)
(883/2 71 66 1 0)
(885/2 71 66 1/2 0)
(443 71 66 1/4 0)
(1773/4 72 67 1/4 0)
(887/2 74 68 3/2 0)
(445 74 68 1/2 0)
(891/2 72 67 1/2 0)
(446 71 66 1/2 0)
(893/2 72 67 1/2 0)
(447 74 68 1/2 0)
(895/2 76 69 1 0)
(897/2 76 69 1 0)
(899/2 76 69 1 0)
(901/2 71 66 1/2 0)
(451 71 66 1/4 0)
(1805/4 72 67 1/4 0)
(903/2 74 68 3/2 0)
(453 71 66 1/2 0)
(907/2 69 65 1/2 0)
(454 69 65 1/2 0)
(909/2 74 68 3/4 0)
(1821/4 72 67 1/4 0)
(911/2 71 66 2 0)
(915/2 67 64 1/2 0)
(458 67 64 1/2 0)
(917/2 69 65 1/2 0)
(459 71 66 1 0)
(460 71 66 1 0)
(461 71 66 1/2 0)
(923/2 71 66 1/2 0)
(462 69 65 1/2 0)
(925/2 71 66 1/2 0)
(463 72 67 1 0)
(464 69 65 1 0)
(465 69 65 1/2 0)
(931/2 69 65 1/2 0)
(466 71 66 1/2 0)
(933/2 72 67 1 0)
(935/2 76 69 1 0)
(937/2 76 69 1/2 0)
(469 76 69 1/2 0)
(939/2 74 68 1/2 0)
(470 72 67 1/2 0)
(941/2 71 66 1/2 0)
(471 74 68 1/2 0)
(943/2 74 68 1 0)
(945/2 67 64 1/2 0)
(473 71 66 1/2 0)
(947/2 74 68 1 0)
(949/2 74 68 1/2 0)
(475 74 68 1/2 0)
(951/2 72 67 1 0)
(953/2 72 67 1/2 0)
(477 72 67 1/2 0)
(955/2 71 66 1 0)
(957/2 74 68 1 0)
(959/2 79 71 1 0)
(961/2 78 70 1/2 0)
(481 76 69 1/2 0)
(963/2 74 68 1 0)
(965/2 74 68 1/2 0)
(483 74 68 1/2 0)
(967/2 78 70 1/2 0)
(484 76 69 1/2 0)
(969/2 72 67 1/2 0)
(485 69 65 1/2 0)
(971/2 67 64 1 0)
