(0 69 65 1 0)
(1 71 66 3/2 0)
(5/2 69 65 1/2 0)
(3 67 64 1/2 0)
(7/2 66 63 1/2 0)
(4 64 62 1 0)
(5 67 64 1 0)
(6 71 66 1 0)
(7 69 65 3/2 0)
(17/2 71 66 1/2 0)
(9 69 65 1 0)
(10 62 61 2 0)
(12 74 68 1 0)
(13 71 66 3/2 0)
(29/2 69 65 1/2 0)
(15 67 64 1/2 0)
(31/2 66 63 1/2 0)
(16 64 62 1 0)
(17 67 64 1 0)
(18 71 66 1 0)
(19 69 65 3/2 0)
(41/2 71 66 1/2 0)
(21 69 65 1 0)
(22 62 61 2 0)
(24 62 61 1/2 0)
(49/2 62 61 1/2 0)
(25 67 64 1 0)
(26 71 66 1/2 0)
(53/2 71 66 1/2 0)
(27 71 66 1/2 0)
(55/2 71 66 1/2 0)
(28 69 65 1 0)
(29 67 64 1 0)
(30 69 65 1 0)
(31 71 66 1 0)
(32 74 68 1 0)
(33 67 64 1 0)
(34 69 65 1 0)
(35 72 67 1/2 0)
(71/2 72 67 1/2 0)
(36 71 66 1/2 0)
(73/2 69 65 1/2 0)
(37 67 64 2 0)
(39 62 61 1/2 0)
(79/2 62 61 1/2 0)
(40 67 64 1 0)
(41 71 66 1/2 0)
(83/2 71 66 1/2 0)
(42 71 66 1/2 0)
(85/2 71 66 1/2 0)
(43 69 65 1 0)
(44 67 64 1 0)
(45 69 65 1 0)
(46 71 66 1 0)
(47 74 68 1 0)
(48 67 64 1 0)
(49 69 65 1 0)
(50 72 67 1/2 0)
(101/2 72 67 1/2 0)
(51 71 66 1/2 0)
(103/2 69 65 1/2 0)
(52 67 64 2 0)
(54 62 61 1 0)
(55 67 64 1 0)
(56 71 66 1/2 0)
(113/2 69 65 1/2 0)
(57 67 64 1/2 0)
(115/2 66 63 1/2 0)
(58 64 62 1 0)
(59 62 61 1 0)
(60 69 65 1 0)
(61 69 65 1 0)
(62 71 66 1 0)
(63 69 65 1 0)
(64 62 61 2 0)
(66 62 61 1 0)
(67 67 64 1/2 0)
(135/2 67 64 1/2 0)
(68 71 66 1/2 0)
(137/2 71 66 1/2 0)
(69 71 66 1/2 0)
(139/2 71 66 1/2 0)
(70 69 65 1 0)
(71 67 64 1 0)
(72 69 65 1 0)
(73 71 66 1 0)
(74 74 68 1 0)
(75 71 66 1 0)
(76 69 65 1 0)
(77 72 67 1/2 0)
(155/2 71 66 1/2 0)
(78 69 65 1/2 0)
(157/2 66 63 1/2 0)
(79 67 64 2 0)
(81 67 64 1 0)
(82 67 64 1 0)
(83 71 66 1/2 0)
(167/2 69 65 1/2 0)
(84 67 64 1/2 0)
(169/2 66 63 1/2 0)
(85 64 62 1 0)
(86 66 63 1 0)
(87 71 66 1 0)
(88 69 65 3/2 0)
(179/2 67 64 1/2 0)
(90 66 63 1/2 0)
(181/2 64 62 1/2 0)
(91 62 61 1 0)
(92 64 62 1 0)
(93 66 63 1 0)
(94 67 64 1 0)
(95 71 66 1/2 0)
(191/2 69 65 1/2 0)
(96 67 64 1/2 0)
(193/2 66 63 1/2 0)
(97 64 62 1 0)
(98 66 63 1 0)
(99 71 66 1 0)
(100 69 65 3/2 0)
(203/2 67 64 1/2 0)
(102 66 63 1/2 0)
(205/2 64 62 1/2 0)
(103 62 61 2 0)
(105 62 61 1/2 0)
(211/2 62 61 1/2 0)
(106 67 64 1 0)
(107 71 66 3/4 0)
(431/4 71 66 1/4 0)
(108 71 66 1/2 0)
(217/2 71 66 1/2 0)
(109 69 65 1/2 0)
(219/2 66 63 1/2 0)
(110 67 64 1 0)
(111 69 65 1/2 0)
(223/2 69 65 1/2 0)
(112 71 66 1/2 0)
(225/2 74 68 1/2 0)
(113 74 68 1 0)
(114 71 66 1 0)
(115 69 65 1 0)
(116 72 67 1 0)
(117 71 66 1/2 0)
(235/2 69 65 1/2 0)
(118 67 64 2 0)
(120 62 61 1/2 0)
(241/2 62 61 1/2 0)
(121 67 64 1 0)
(122 71 66 3/4 0)
(491/4 71 66 1/4 0)
(123 71 66 1/2 0)
(247/2 71 66 1/2 0)
(124 69 65 1/2 0)
(249/2 66 63 1/2 0)
(125 67 64 1 0)
(126 69 65 1/2 0)
(253/2 69 65 1/2 0)
(127 71 66 1/2 0)
(255/2 74 68 1/2 0)
(128 74 68 1 0)
(129 71 66 1 0)
(130 69 65 1 0)
(131 72 67 1 0)
(132 71 66 1/2 0)
(265/2 69 65 1/2 0)
(133 67 64 2 0)
(135 62 61 1/2 0)
(271/2 62 61 1/2 0)
(136 67 64 1 0)
(137 71 66 1/2 0)
(275/2 69 65 1/2 0)
(138 67 64 1/2 0)
(277/2 66 63 1/2 0)
(139 64 62 1 0)
(140 66 63 1 0)
(141 71 66 1/2 0)
(283/2 71 66 1/2 0)
(142 69 65 3/2 0)
(287/2 67 64 1/2 0)
(144 66 63 1/2 0)
(289/2 64 62 1/2 0)
(145 62 61 2 0)
(147 62 61 1/2 0)
(295/2 62 61 1/2 0)
(148 67 64 1/2 0)
(297/2 71 66 1/2 0)
(149 74 68 3/4 0)
(599/4 74 68 1/4 0)
(150 72 67 1/2 0)
(301/2 71 66 1/2 0)
(151 69 65 1 0)
(152 67 64 1 0)
(153 69 65 3/4 0)
(615/4 69 65 1/4 0)
(154 71 66 1 0)
(155 74 68 1/2 0)
(311/2 72 67 1/2 0)
(156 71 66 1 0)
(157 69 65 1 0)
(158 72 67 1/2 0)
(317/2 71 66 1/2 0)
(159 69 65 1 0)
(160 67 64 2 0)
(162 62 61 1/2 0)
(325/2 62 61 1/2 0)
(163 67 64 1/2 0)
(327/2 71 66 1/2 0)
(164 74 68 3/4 0)
(659/4 74 68 1/4 0)
(165 72 67 1/2 0)
(331/2 71 66 1/2 0)
(166 69 65 1 0)
(167 67 64 1 0)
(168 69 65 3/4 0)
(675/4 69 65 1/4 0)
(169 71 66 1 0)
(170 74 68 1/2 0)
(341/2 72 67 1/2 0)
(171 71 66 1 0)
(172 69 65 1 0)
(173 72 67 1/2 0)
(347/2 71 66 1/2 0)
(174 69 65 1 0)
(175 67 64 2 0)
(177 69 65 1 0)
(178 71 66 3/2 0)
(359/2 69 65 1/2 0)
(180 67 64 3/4 0)
(723/4 66 63 1/4 0)
(181 64 62 1 0)
(182 66 63 1 0)
(183 71 66 1 0)
(184 69 65 3/2 0)
(371/2 71 66 1/2 0)
(186 69 65 1 0)
(187 62 61 2 0)
(189 69 65 1 0)
(190 71 66 3/2 0)
(383/2 69 65 1/2 0)
(192 67 64 3/4 0)
(771/4 66 63 1/4 0)
(193 64 62 1 0)
(194 66 63 1 0)
(195 71 66 1 0)
(196 69 65 3/2 0)
(395/2 71 66 1/2 0)
(198 69 65 1 0)
(199 62 61 2 0)
(201 62 61 1/2 0)
(403/2 62 61 1/2 0)
(202 67 64 1 0)
(203 71 66 3/4 0)
(815/4 71 66 1/4 0)
(204 71 66 1/2 0)
(409/2 71 66 1/2 0)
(205 69 65 1 0)
(206 67 64 1 0)
(207 69 65 3/4 0)
(831/4 69 65 1/4 0)
(208 71 66 1 0)
(209 74 68 1 0)
(210 71 66 1 0)
(211 69 65 1 0)
(212 72 67 1 0)
(213 71 66 3/4 0)
(855/4 69 65 1/4 0)
(214 67 64 2 0)
(216 69 65 1/2 0)
(433/2 69 65 1/2 0)
(217 71 66 1 0)
(218 71 66 3/4 0)
(875/4 71 66 1/4 0)
(219 71 66 1/2 0)
(439/2 71 66 1/2 0)
(220 69 65 1 0)
(221 67 64 1 0)
(222 69 65 3/4 0)
(891/4 69 65 1/4 0)
(223 71 66 1 0)
(224 74 68 1 0)
(225 71 66 1 0)
(226 69 65 1 0)
(227 72 67 1 0)
(228 71 66 3/4 0)
(915/4 69 65 1/4 0)
(229 67 64 2 0)
(231 62 61 1 0)
(232 67 64 3/2 0)
(467/2 66 63 1/2 0)
(234 67 64 1/2 0)
(469/2 66 63 1/2 0)
(235 64 62 1 0)
(236 62 61 1 0)
(237 71 66 1 0)
(238 69 65 3/2 0)
(479/2 67 64 1/2 0)
(240 66 63 1/2 0)
(481/2 64 62 1/2 0)
(241 62 61 2 0)
(243 62 61 1/2 0)
(487/2 62 61 1/2 0)
(244 67 64 1 0)
(245 71 66 3/4 0)
(983/4 71 66 1/4 0)
(246 71 66 1/2 0)
(493/2 71 66 1/2 0)
(247 69 65 1 0)
(248 67 64 1 0)
(249 69 65 1/2 0)
(499/2 69 65 1/2 0)
(250 71 66 1 0)
(251 74 68 1 0)
(252 67 64 1 0)
(253 69 65 1 0)
(254 72 67 1 0)
(255 69 65 1 0)
(256 67 64 2 0)
(258 72 67 1 0)
(259 71 66 3/2 0)
(521/2 69 65 1/2 0)
(261 67 64 1/2 0)
(523/2 66 63 1/2 0)
(262 67 64 1/2 0)
(525/2 69 65 1/2 0)
(263 71 66 1 0)
(264 71 66 1/2 0)
(529/2 71 66 1/2 0)
(265 69 65 1 0)
(266 72 67 1/2 0)
(533/2 71 66 1/2 0)
(267 69 65 1 0)
(268 71 66 2 0)
(270 72 67 1 0)
(271 71 66 3/2 0)
(545/2 69 65 1/2 0)
(273 67 64 1/2 0)
(547/2 66 63 1/2 0)
(274 67 64 1/2 0)
(549/2 69 65 1/2 0)
(275 71 66 1 0)
(276 71 66 1/2 0)
(553/2 71 66 1/2 0)
(277 69 65 1 0)
(278 72 67 1/2 0)
(557/2 71 66 1/2 0)
(279 69 65 1 0)
(280 71 66 2 0)
(282 74 68 3/4 0)
(1131/4 74 68 1/4 0)
(283 67 64 3/4 0)
(1135/4 71 66 1/4 0)
(284 74 68 1/2 0)
(569/2 74 68 1/2 0)
(285 76 69 1/2 0)
(571/2 74 68 1/2 0)
(286 69 65 1 0)
(287 67 64 1 0)
(288 69 65 3/4 0)
(1155/4 72 67 1/4 0)
(289 71 66 1 0)
(290 74 68 1 0)
(291 67 64 1 0)
(292 69 65 1 0)
(293 72 67 1 0)
(294 71 66 1 0)
(295 67 64 2 0)
(297 74 68 3/4 0)
(1191/4 74 68 1/4 0)
(298 67 64 3/4 0)
(1195/4 71 66 1/4 0)
(299 74 68 1/2 0)
(599/2 74 68 1/2 0)
(300 76 69 1/2 0)
(601/2 74 68 1/2 0)
(301 69 65 1 0)
(302 67 64 1 0)
(303 69 65 3/4 0)
(1215/4 72 67 1/4 0)
(304 71 66 1 0)
(305 74 68 1 0)
(306 67 64 1 0)
(307 69 65 1 0)
(308 72 67 1 0)
(309 71 66 1 0)
(310 67 64 2 0)
(312 62 61 1 0)
(313 67 64 1 0)
(314 71 66 1/2 0)
(629/2 69 65 1/2 0)
(315 67 64 1/2 0)
(631/2 66 63 1/2 0)
(316 64 62 1 0)
(317 66 63 1 0)
(318 71 66 1 0)
(319 69 65 3/2 0)
(641/2 69 65 1/2 0)
(321 71 66 1/2 0)
(643/2 69 65 1/2 0)
(322 62 61 2 0)
(324 62 61 1/2 0)
(649/2 62 61 1/2 0)
(325 67 64 1 0)
(326 71 66 1 0)
(327 71 66 1/2 0)
(655/2 71 66 1/2 0)
(328 69 65 1/2 0)
(657/2 66 63 1/2 0)
(329 67 64 1 0)
(330 69 65 1/2 0)
(661/2 69 65 1/2 0)
(331 71 66 1/2 0)
(663/2 74 68 1/2 0)
(332 74 68 3/4 0)
(1331/4 71 66 1/4 0)
(333 71 66 1/2 0)
(667/2 71 66 1/2 0)
(334 69 65 1 0)
(335 71 66 1 0)
(336 69 65 1 0)
(337 67 64 1 0)
(338 67 64 1/2 0)
(677/2 71 66 1/2 0)
(339 69 65 1/2 0)
(679/2 71 66 1/2 0)
(340 67 64 1 0)
(341 74 68 1/4 0)
(1365/4 74 68 1/4 0)
(683/2 76 69 1/4 0)
(1367/4 76 69 1/4 0)
(342 74 68 1/2 0)
(685/2 73 67 1/2 0)
(343 74 68 3/2 0)
(689/2 76 69 3/4 0)
(1381/4 76 69 1/4 0)
(691/2 74 68 1/4 0)
(1383/4 76 69 1/4 0)
(346 74 68 1/4 0)
(1385/4 72 67 1/4 0)
(693/2 71 66 1/2 0)
(347 74 68 1/2 0)
(695/2 67 64 1/2 0)
(348 67 64 1/4 0)
(1393/4 67 64 1/4 0)
(697/2 67 64 1/2 0)
(349 76 69 1/2 0)
(699/2 74 68 1/2 0)
(350 69 65 1/2 0)
(701/2 72 67 1/2 0)
(351 71 66 1/2 0)
(703/2 67 64 1 0)
(705/2 69 65 1 0)
(707/2 71 66 3/2 0)
(355 69 65 1/2 0)
(711/2 67 64 1/2 0)
(356 66 63 1/2 0)
(713/2 64 62 1 0)
(715/2 66 63 1 0)
(717/2 71 66 1 0)
(719/2 69 65 1 0)
(721/2 71 66 1 0)
(723/2 69 65 1 0)
(725/2 62 61 2 0)
(729/2 69 65 1 0)
(731/2 71 66 3/2 0)
(367 69 65 1/2 0)
(735/2 67 64 1/2 0)
(368 66 63 1/2 0)
(737/2 64 62 1 0)
(739/2 66 63 1 0)
(741/2 71 66 1 0)
(743/2 69 65 1 0)
(745/2 71 66 1 0)
(747/2 69 65 1 0)
(749/2 62 61 2 0)
(753/2 62 61 1/2 0)
(377 62 61 1/2 0)
(755/2 67 64 1 0)
(757/2 71 66 3/4 0)
(1517/4 71 66 1/4 0)
(759/2 71 66 1/2 0)
(380 71 66 1/2 0)
(761/2 69 65 1 0)
(763/2 67 64 1 0)
(765/2 69 65 1/2 0)
(383 69 65 1/2 0)
(767/2 71 66 1 0)
(769/2 74 68 1 0)
(771/2 71 66 1 0)
(773/2 69 65 1 0)
(775/2 72 67 1/2 0)
(388 72 67 1/2 0)
(777/2 71 66 1/2 0)
(389 69 65 1/2 0)
(779/2 67 64 2 0)
(783/2 62 61 1/2 0)
(392 62 61 1/2 0)
(785/2 67 64 1 0)
(787/2 71 66 3/4 0)
(1577/4 71 66 1/4 0)
(789/2 71 66 1/2 0)
(395 71 66 1/2 0)
(791/2 69 65 1 0)
(793/2 67 64 1 0)
(795/2 69 65 1/2 0)
(398 69 65 1/2 0)
(797/2 71 66 1 0)
(799/2 74 68 1 0)
(801/2 71 66 1 0)
(803/2 69 65 1 0)
(805/2 72 67 1/2 0)
(403 72 67 1/2 0)
(807/2 71 66 1/2 0)
(404 69 65 1/2 0)
(809/2 67 64 2 0)
(813/2 71 66 1 0)
(815/2 67 64 1 0)
(817/2 71 66 1/2 0)
(409 69 65 1/2 0)
(819/2 67 64 1/2 0)
(410 66 63 1/2 0)
(821/2 64 62 1 0)
(823/2 67 64 1 0)
(825/2 71 66 1 0)
(827/2 69 65 3/2 0)
(415 71 66 1/2 0)
(831/2 69 65 1 0)
(833/2 62 61 1 0)
(835/2 64 62 1 0)
(837/2 66 63 1 0)
(839/2 67 64 1 0)
(841/2 71 66 1/2 0)
(421 69 65 1/2 0)
(843/2 67 64 1/2 0)
(422 66 63 1/2 0)
(845/2 64 62 1 0)
(847/2 67 64 1 0)
(849/2 71 66 1 0)
(851/2 69 65 3/2 0)
(427 71 66 1/2 0)
(855/2 69 65 1 0)
(857/2 62 61 2 0)
(861/2 62 61 1/2 0)
(431 62 61 1/2 0)
(863/2 67 64 1 0)
(865/2 71 66 3/4 0)
(1733/4 71 66 1/4 0)
(867/2 71 66 1/2 0)
(434 71 66 1/2 0)
(869/2 69 65 1/2 0)
(435 66 63 1/2 0)
(871/2 67 64 1 0)
(873/2 69 65 1/2 0)
(437 69 65 1/2 0)
(875/2 71 66 1 0)
(877/2 74 68 1 0)
(879/2 71 66 1 0)
(881/2 69 65 1 0)
(883/2 72 67 1 0)
(885/2 71 66 1/2 0)
(443 69 65 1/2 0)
(887/2 67 64 2 0)
(891/2 62 61 1/2 0)
(446 62 61 1/2 0)
(893/2 67 64 1 0)
(895/2 71 66 3/4 0)
(1793/4 71 66 1/4 0)
(897/2 71 66 1/2 0)
(449 71 66 1/2 0)
(899/2 69 65 1/2 0)
(450 66 63 1/2 0)
(901/2 67 64 1 0)
(903/2 69 65 1/2 0)
(452 69 65 1/2 0)
(905/2 71 66 1 0)
(907/2 74 68 1 0)
(909/2 71 66 1 0)
(911/2 69 65 1 0)
(913/2 72 67 1 0)
(915/2 71 66 1/2 0)
(458 69 65 1/2 0)
(917/2 67 64 2 0)
(921/2 62 61 1 0)
(923/2 67 64 3/2 0)
(463 69 65 1/2 0)
(927/2 67 64 1/2 0)
(464 66 63 1/2 0)
(929/2 64 62 1 0)
(931/2 66 63 1 0)
(933/2 67 64 1/2 0)
(467 71 66 1/2 0)
(935/2 69 65 3/2 0)
(469 67 64 1/2 0)
(939/2 66 63 1/2 0)
(470 64 62 1/2 0)
(941/2 62 61 2 0)
(945/2 62 61 1 0)
(947/2 67 64 3/2 0)
(475 69 65 1/2 0)
(951/2 67 64 1/2 0)
(476 66 63 1/2 0)
(953/2 64 62 1 0)
(955/2 66 63 1 0)
(957/2 67 64 1/2 0)
(479 71 66 1/2 0)
(959/2 69 65 3/2 0)
(481 67 64 1/2 0)
(963/2 66 63 1/2 0)
(482 64 62 1/2 0)
(965/2 62 61 2 0)
(969/2 62 61 1 0)
(971/2 67 64 1 0)
(973/2 71 66 3/4 0)
(1949/4 71 66 1/4 0)
(975/2 71 66 1/2 0)
(488 71 66 1/2 0)
(977/2 69 65 1 0)
(979/2 67 64 1 0)
(981/2 69 65 1/2 0)
(491 69 65 1/2 0)
(983/2 71 66 1 0)
(985/2 74 68 3/4 0)
(1973/4 74 68 1/4 0)
(987/2 71 66 1/2 0)
(494 67 64 1/2 0)
(989/2 69 65 1 0)
(991/2 72 67 1 0)
(993/2 69 65 1 0)
(995/2 67 64 2 0)
(999/2 62 61 1 0)
(1001/2 67 64 1 0)
(1003/2 71 66 3/4 0)
(2009/4 71 66 1/4 0)
(1005/2 71 66 1/2 0)
(503 71 66 1/2 0)
(1007/2 69 65 1 0)
(1009/2 67 64 1 0)
(1011/2 69 65 1/2 0)
(506 69 65 1/2 0)
(1013/2 71 66 1 0)
(1015/2 74 68 3/4 0)
(2033/4 74 68 1/4 0)
(1017/2 71 66 1/2 0)
(509 67 64 1/2 0)
(1019/2 69 65 1 0)
(1021/2 72 67 1 0)
(1023/2 69 65 1 0)
(1025/2 67 64 2 0)
(1029/2 72 67 1 0)
(1031/2 71 66 3/2 0)
(517 69 65 1/2 0)
(1035/2 67 64 1/2 0)
(518 66 63 1/2 0)
(1037/2 67 64 1 0)
(1039/2 72 67 1 0)
(1041/2 71 66 1 0)
(1043/2 69 65 3/2 0)
(523 71 66 1/2 0)
(1047/2 72 67 1 0)
(1049/2 71 66 1 0)
(1051/2 74 68 1/2 0)
(526 74 68 1/2 0)
(1053/2 71 66 1 0)
(1055/2 74 68 3/4 0)
(2113/4 74 68 1/4 0)
(1057/2 72 67 1/2 0)
(529 71 66 1/2 0)
(1059/2 69 65 1/2 0)
(530 71 66 1/2 0)
(1061/2 72 67 1 0)
(1063/2 74 68 1/2 0)
(532 72 67 1/2 0)
(1065/2 71 66 1 0)
(1067/2 76 69 1 0)
(1069/2 74 68 1 0)
(1071/2 69 65 1 0)
(1073/2 76 69 1 0)
(1075/2 74 68 1/2 0)
(538 74 68 1/2 0)
(1077/2 67 64 1 0)
(1079/2 62 61 1 0)
(1081/2 67 64 1 0)
(1083/2 71 66 3/4 0)
(2169/4 67 64 1/4 0)
(1085/2 67 64 1/2 0)
(543 66 63 1/2 0)
(1087/2 64 62 1 0)
(1089/2 66 63 1 0)
(1091/2 71 66 1 0)
(1093/2 69 65 3/2 0)
(548 72 67 1/2 0)
(1097/2 71 66 1/2 0)
(549 69 65 1/2 0)
(1099/2 62 61 1 0)
(1101/2 62 61 1/2 0)
(551 62 61 1/2 0)
(1103/2 67 64 1 0)
(1105/2 71 66 3/4 0)
(2213/4 71 66 1/4 0)
(1107/2 71 66 1/2 0)
(554 67 64 1/2 0)
(1109/2 69 65 1/2 0)
(555 66 63 1/2 0)
(1111/2 67 64 1 0)
(1113/2 69 65 1/2 0)
(557 69 65 1/2 0)
(1115/2 71 66 1/2 0)
(558 74 68 1/2 0)
(1117/2 74 68 3/4 0)
(2237/4 71 66 1/4 0)
(1119/2 71 66 1/2 0)
(560 67 64 1/2 0)
(1121/2 69 65 1 0)
(1123/2 72 67 1/2 0)
(562 71 66 1/2 0)
(1125/2 69 65 1/2 0)
(563 66 63 1/2 0)
(1127/2 67 64 1 0)
(1129/2 62 61 1/2 0)
(565 62 61 1/2 0)
(1131/2 67 64 1 0)
(1133/2 71 66 3/4 0)
(2269/4 71 66 1/4 0)
(1135/2 71 66 1/2 0)
(568 67 64 1/2 0)
(1137/2 69 65 1/2 0)
(569 66 63 1/2 0)
(1139/2 67 64 1 0)
(1141/2 69 65 1/2 0)
(571 69 65 1/2 0)
(1143/2 71 66 1/2 0)
(572 74 68 1/2 0)
(1145/2 74 68 3/4 0)
(2293/4 71 66 1/4 0)
(1147/2 71 66 1/2 0)
(574 67 64 1/2 0)
(1149/2 69 65 1 0)
(1151/2 72 67 1/2 0)
(576 71 66 1/2 0)
(1153/2 69 65 1/2 0)
(577 66 63 1/2 0)
(1155/2 67 64 1 0)
(1157/2 72 67 1 0)
(1159/2 71 66 3/2 0)
(581 69 65 1/2 0)
(1163/2 67 64 1/2 0)
(582 66 63 1/2 0)
(1165/2 67 64 1/2 0)
(583 69 65 1/2 0)
(1167/2 71 66 1 0)
(1169/2 71 66 1 0)
(1171/2 69 65 1 0)
(1173/2 72 67 1/2 0)
(587 71 66 1/2 0)
(1175/2 69 65 1/2 0)
(588 72 67 1/2 0)
(1177/2 71 66 2 0)
(1181/2 74 68 1/2 0)
(591 74 68 1/2 0)
(1183/2 67 64 1/2 0)
(592 71 66 1/2 0)
(1185/2 74 68 3/4 0)
(2373/4 74 68 1/4 0)
(1187/2 76 69 1/2 0)
(594 74 68 1/2 0)
(1189/2 69 65 1 0)
(1191/2 67 64 3/4 0)
(2385/4 69 65 1/4 0)
(1193/2 69 65 1/2 0)
(597 69 65 1/2 0)
(1195/2 71 66 1/2 0)
(598 74 68 1/2 0)
(1197/2 74 68 1 0)
(1199/2 71 66 1 0)
(1201/2 69 65 1 0)
(1203/2 71 66 1/2 0)
(602 76 69 1/2 0)
(1205/2 74 68 1/2 0)
(603 74 68 1/2 0)
(1207/2 67 64 2 0)
(1211/2 62 61 1 0)
(1213/2 67 64 3/2 0)
(608 69 65 1/2 0)
(1217/2 67 64 1/2 0)
(609 66 63 1/2 0)
(1219/2 64 62 1 0)
(1221/2 66 63 1 0)
(1223/2 71 66 1 0)
(1225/2 69 65 3/2 0)
(614 67 64 1/2 0)
(1229/2 66 63 1/2 0)
(615 64 62 1/2 0)
(1231/2 62 61 1 0)
(1233/2 64 62 1 0)
(1235/2 66 63 1 0)
(1237/2 67 64 3/2 0)
(620 69 65 1/2 0)
(1241/2 67 64 1/2 0)
(621 66 63 1/2 0)
(1243/2 64 62 1 0)
(1245/2 66 63 1 0)
(1247/2 71 66 1 0)
(1249/2 69 65 3/2 0)
(626 67 64 1/2 0)
(1253/2 66 63 1/2 0)
(627 64 62 1/2 0)
(1255/2 62 61 2 0)
(1259/2 62 61 1/2 0)
(630 62 61 1/2 0)
(1261/2 67 64 1 0)
(1263/2 71 66 3/4 0)
(2529/4 71 66 1/4 0)
(1265/2 71 66 1/2 0)
(633 71 66 1/2 0)
(1267/2 69 65 1 0)
(1269/2 67 64 1 0)
(1271/2 69 65 1/2 0)
(636 69 65 1/2 0)
(1273/2 71 66 1 0)
(1275/2 74 68 3/4 0)
(2553/4 71 66 1/4 0)
(1277/2 71 66 1/2 0)
(639 71 66 1/2 0)
(1279/2 69 65 1 0)
(1281/2 71 66 1 0)
(1283/2 69 65 1 0)
(1285/2 67 64 2 0)
(1289/2 62 61 1/2 0)
(645 62 61 1/2 0)
(1291/2 67 64 1 0)
(1293/2 71 66 3/4 0)
(2589/4 71 66 1/4 0)
(1295/2 71 66 1/2 0)
(648 71 66 1/2 0)
(1297/2 69 65 1 0)
(1299/2 67 64 1 0)
(1301/2 69 65 1/2 0)
(651 69 65 1/2 0)
(1303/2 71 66 1 0)
(1305/2 74 68 3/4 0)
(2613/4 71 66 1/4 0)
(1307/2 71 66 1/2 0)
(654 71 66 1/2 0)
(1309/2 69 65 1 0)
(1311/2 71 66 1 0)
(1313/2 69 65 1 0)
(1315/2 67 64 2 0)
(1319/2 62 61 1 0)
(1321/2 67 64 1 0)
(1323/2 71 66 1/2 0)
(662 69 65 1/2 0)
(1325/2 67 64 1/2 0)
(663 66 63 1/2 0)
(1327/2 64 62 1 0)
(1329/2 64 62 1 0)
(1331/2 66 63 1/2 0)
(666 67 64 1/2 0)
(1333/2 69 65 1 0)
(1335/2 69 65 1/2 0)
(668 67 64 1/2 0)
(1337/2 66 63 1/2 0)
(669 64 62 1/2 0)
(1339/2 62 61 2 0)
(1343/2 62 61 1/2 0)
(672 67 64 1/2 0)
(1345/2 71 66 1 0)
(1347/2 71 66 1/2 0)
(674 71 66 1/2 0)
(1349/2 72 67 1/2 0)
(675 71 66 1/2 0)
(1351/2 69 65 1 0)
(1353/2 67 64 1 0)
(1355/2 69 65 1/2 0)
(678 69 65 1/2 0)
(1357/2 71 66 1 0)
(1359/2 74 68 3/4 0)
(2721/4 74 68 1/4 0)
(1361/2 71 66 1/2 0)
(681 67 64 1/2 0)
(1363/2 69 65 1 0)
(1365/2 72 67 1 0)
(1367/2 66 63 1 0)
(1369/2 67 64 2 0)
(1373/2 71 66 1/2 0)
(687 69 65 1/2 0)
(1375/2 67 64 1 0)
(1377/2 67 64 1 0)
(1379/2 71 66 1/2 0)
(690 69 65 1/2 0)
(1381/2 67 64 1 0)
(1383/2 67 64 1 0)
(1385/2 71 66 1/2 0)
(693 72 67 1/2 0)
(1387/2 74 68 1 0)
(1389/2 74 68 1 0)
(1391/2 76 69 1 0)
(1393/2 74 68 2 0)
(1397/2 71 66 1/2 0)
(699 69 65 1/2 0)
(1399/2 67 64 1 0)
(1401/2 67 64 1 0)
(1403/2 71 66 1/2 0)
(702 69 65 1/2 0)
(1405/2 67 64 1 0)
(1407/2 67 64 1 0)
(1409/2 71 66 1/2 0)
(705 72 67 1/2 0)
(1411/2 74 68 1 0)
(1413/2 74 68 1 0)
(1415/2 76 69 1 0)
(1417/2 74 68 2 0)
(1421/2 76 69 2 0)
(1425/2 74 68 3/4 0)
(2853/4 74 68 1/4 0)
(1427/2 72 67 1 0)
(1429/2 71 66 1 0)
(1431/2 69 65 1 0)
(1433/2 71 66 1 0)
(1435/2 67 64 1 0)
(1437/2 69 65 1 0)
(1439/2 71 66 1 0)
(1441/2 72 67 3/4 0)
(2885/4 72 67 1/4 0)
(1443/2 74 68 1 0)
(1445/2 69 65 3/2 0)
(724 71 66 1/2 0)
(1449/2 69 65 1 0)
(1451/2 67 64 2 0)
(1455/2 72 67 1 0)
(1457/2 71 66 3/2 0)
(730 69 65 1/2 0)
(1461/2 67 64 1/2 0)
(731 66 63 1/2 0)
(1463/2 67 64 1/2 0)
(732 69 65 1/2 0)
(1465/2 71 66 1 0)
(1467/2 72 67 1/2 0)
(734 71 66 1/2 0)
(1469/2 69 65 1 0)
(1471/2 72 67 1/2 0)
(736 71 66 1/2 0)
(1473/2 69 65 1/2 0)
(737 72 67 1/2 0)
(1475/2 71 66 2 0)
(1479/2 72 67 1 0)
(1481/2 71 66 3/2 0)
(742 74 68 1/2 0)
(1485/2 67 64 1/2 0)
(743 66 63 1/2 0)
(1487/2 67 64 1/2 0)
(744 69 65 1/2 0)
(1489/2 71 66 1 0)
(1491/2 71 66 1/2 0)
(746 71 66 1/2 0)
(1493/2 69 65 1 0)
(1495/2 72 67 1/2 0)
(748 71 66 1/2 0)
(1497/2 69 65 1/2 0)
(749 72 67 1/2 0)
(1499/2 71 66 2 0)
(1503/2 71 66 1/2 0)
(752 74 68 1/2 0)
(1505/2 67 64 1/2 0)
(753 71 66 1/2 0)
(1507/2 74 68 3/4 0)
(3017/4 74 68 1/4 0)
(1509/2 76 69 1/2 0)
(755 74 68 1/2 0)
(1511/2 69 65 1 0)
(1513/2 67 64 1 0)
(1515/2 69 65 1/2 0)
(758 69 65 1/2 0)
(1517/2 71 66 1/2 0)
(759 74 68 1/2 0)
(1519/2 74 68 1 0)
(1521/2 71 66 1 0)
(1523/2 69 65 1 0)
(1525/2 76 69 1 0)
(1527/2 74 68 1 0)
(1529/2 67 64 2 0)
(1533/2 69 65 1 0)
(1535/2 71 66 3/2 0)
(769 69 65 1/2 0)
(1539/2 67 64 1/2 0)
(770 66 63 1/2 0)
(1541/2 64 62 1 0)
(1543/2 66 63 1 0)
(1545/2 71 66 1 0)
(1547/2 69 65 1 0)
(1549/2 71 66 1 0)
(1551/2 69 65 1 0)
(1553/2 62 61 2 0)
(1557/2 69 65 1 0)
(1559/2 71 66 3/2 0)
(781 69 65 1/2 0)
(1563/2 67 64 1/2 0)
(782 66 63 1/2 0)
(1565/2 64 62 1 0)
(1567/2 66 63 1 0)
(1569/2 71 66 1 0)
(1571/2 69 65 1 0)
(1573/2 71 66 1 0)
(1575/2 69 65 1 0)
(1577/2 62 61 2 0)
(1581/2 62 61 1/2 0)
(791 62 61 1/2 0)
(1583/2 67 64 1 0)
(1585/2 71 66 3/4 0)
(3173/4 71 66 1/4 0)
(1587/2 71 66 1/2 0)
(794 71 66 1/2 0)
(1589/2 69 65 1 0)
(1591/2 67 64 1 0)
(1593/2 69 65 3/4 0)
(3189/4 69 65 1/4 0)
(1595/2 71 66 1 0)
(1597/2 74 68 1 0)
(1599/2 71 66 1 0)
(1601/2 69 65 1 0)
(1603/2 72 67 3/4 0)
(3209/4 72 67 1/4 0)
(1605/2 71 66 1/2 0)
(803 69 65 1/2 0)
(1607/2 67 64 2 0)
(1611/2 62 61 1/2 0)
(806 62 61 1/2 0)
(1613/2 67 64 1 0)
(1615/2 71 66 3/4 0)
(3233/4 71 66 1/4 0)
(1617/2 71 66 1/2 0)
(809 71 66 1/2 0)
(1619/2 69 65 1 0)
(1621/2 67 64 1 0)
(1623/2 69 65 3/4 0)
(3249/4 69 65 1/4 0)
(1625/2 71 66 1 0)
(1627/2 74 68 1 0)
(1629/2 71 66 1 0)
(1631/2 69 65 1 0)
(1633/2 72 67 3/4 0)
(3269/4 72 67 1/4 0)
(1635/2 71 66 1/2 0)
(818 69 65 1/2 0)
(1637/2 67 64 2 0)
(1641/2 62 61 1 0)
(1643/2 71 66 3/2 0)
(823 71 66 1/2 0)
(1647/2 67 64 1/2 0)
(824 67 64 1/2 0)
(1649/2 62 61 1 0)
(1651/2 67 64 1 0)
(1653/2 71 66 1/2 0)
(827 71 66 1/2 0)
(1655/2 69 65 1 0)
(1657/2 71 66 1 0)
(1659/2 69 65 1 0)
(1661/2 62 61 2 0)
(1665/2 62 61 1 0)
(1667/2 67 64 1 0)
(1669/2 71 66 1 0)
(1671/2 71 66 1/2 0)
(836 71 66 1/2 0)
(1673/2 69 65 1 0)
(1675/2 67 64 1 0)
(1677/2 69 65 1/2 0)
(839 71 66 1/2 0)
(1679/2 74 68 1 0)
(1681/2 74 68 1 0)
(1683/2 71 66 1 0)
(1685/2 69 65 1 0)
(1687/2 72 67 1 0)
(1689/2 71 66 1/2 0)
(845 69 65 1/2 0)
(1691/2 67 64 2 0)
(1695/2 62 61 1 0)
(1697/2 67 64 1 0)
(1699/2 71 66 1 0)
(1701/2 71 66 1/2 0)
(851 69 65 1/2 0)
(1703/2 67 64 1 0)
(1705/2 62 61 1 0)
(1707/2 71 66 1/2 0)
(854 71 66 1/2 0)
(1709/2 69 65 1 0)
(1711/2 69 65 1 0)
(1713/2 74 68 1 0)
(1715/2 71 66 2 0)
(1719/2 69 65 1 0)
(1721/2 67 64 2 0)
(1725/2 62 61 1 0)
(1727/2 67 64 1 0)
(1729/2 71 66 1/2 0)
(865 69 65 1/2 0)
(1731/2 67 64 1 0)
(1733/2 66 63 1 0)
(1735/2 64 62 1 0)
(1737/2 69 65 2 0)
(1741/2 67 64 1 0)
(1743/2 62 61 2 0)
(1747/2 62 61 1 0)
(1749/2 67 64 1 0)
(1751/2 71 66 3/4 0)
(3505/4 71 66 1/4 0)
(1753/2 71 66 3/4 0)
(3509/4 71 66 1/4 0)
(1755/2 69 65 1 0)
(1757/2 67 64 1 0)
(1759/2 69 65 1/2 0)
(880 71 66 1/2 0)
(1761/2 74 68 1 0)
(1763/2 72 67 1 0)
(1765/2 71 66 1 0)
(1767/2 69 65 1 0)
(1769/2 72 67 1 0)
(1771/2 71 66 1/2 0)
(886 69 65 1/2 0)
(1773/2 67 64 2 0)
(1777/2 62 61 3/4 0)
(3557/4 62 61 1/4 0)
(1779/2 67 64 1 0)
(1781/2 71 66 3/4 0)
(3565/4 71 66 1/4 0)
(1783/2 71 66 3/4 0)
(3569/4 71 66 1/4 0)
(1785/2 69 65 1 0)
(1787/2 67 64 1 0)
(1789/2 69 65 1/2 0)
(895 71 66 1/2 0)
(1791/2 74 68 1 0)
(1793/2 72 67 1 0)
(1795/2 71 66 1 0)
(1797/2 69 65 1 0)
(1799/2 72 67 1 0)
(1801/2 71 66 1/2 0)
(901 69 65 1/2 0)
(1803/2 67 64 2 0)
(1807/2 67 64 1 0)
(1809/2 69 65 3/2 0)
(906 67 64 1/2 0)
(1813/2 65 63 1/2 0)
(907 64 62 1/2 0)
(1815/2 62 61 3/2 0)
(909 64 62 1/2 0)
(1819/2 65 63 1/2 0)
(910 69 65 1/2 0)
(1821/2 67 64 3/2 0)
(912 69 65 1/2 0)
(1825/2 67 64 1 0)
(1827/2 60 60 2 0)
(1831/2 67 64 1 0)
(1833/2 69 65 3/2 0)
(918 67 64 1/2 0)
(1837/2 65 63 1/2 0)
(919 64 62 1/2 0)
(1839/2 62 61 3/2 0)
(921 64 62 1/2 0)
(1843/2 65 63 1/2 0)
(922 69 65 1/2 0)
(1845/2 67 64 3/2 0)
(924 69 65 1/2 0)
(1849/2 67 64 1 0)
(1851/2 60 60 2 0)
(1855/2 60 60 1/2 0)
(928 60 60 1/2 0)
(1857/2 65 63 1 0)
(1859/2 69 65 1 0)
(1861/2 65 63 1/2 0)
(931 65 63 1/2 0)
(1863/2 67 64 1 0)
(1865/2 65 63 1 0)
(1867/2 67 64 1/2 0)
(934 67 64 1/2 0)
(1869/2 69 65 1 0)
(1871/2 72 67 1 0)
(1873/2 65 63 1 0)
(1875/2 67 64 1 0)
(1877/2 70 66 1 0)
(1879/2 69 65 1/2 0)
(940 67 64 1/2 0)
(1881/2 65 63 2 0)
(1885/2 60 60 1/2 0)
(943 60 60 1/2 0)
(1887/2 65 63 1 0)
(1889/2 69 65 1 0)
(1891/2 65 63 1/2 0)
(946 65 63 1/2 0)
(1893/2 67 64 1 0)
(1895/2 65 63 1 0)
(1897/2 67 64 1/2 0)
(949 67 64 1/2 0)
(1899/2 69 65 1 0)
(1901/2 72 67 1 0)
(1903/2 65 63 1 0)
(1905/2 67 64 1 0)
(1907/2 70 66 1 0)
(1909/2 69 65 1/2 0)
(955 67 64 1/2 0)
(1911/2 65 63 2 0)
(1915/2 69 65 1 0)
(1917/2 71 66 3/2 0)
(960 69 65 1/2 0)
(1921/2 67 64 1/2 0)
(961 66 63 1/2 0)
(1923/2 64 62 1 0)
(1925/2 66 63 1 0)
(1927/2 71 66 1 0)
(1929/2 69 65 1 0)
(1931/2 71 66 1 0)
(1933/2 69 65 1 0)
(1935/2 62 61 2 0)
(1939/2 69 65 1 0)
(1941/2 71 66 3/2 0)
(972 69 65 1/2 0)
(1945/2 67 64 1/2 0)
(973 66 63 1/2 0)
(1947/2 64 62 1 0)
(1949/2 66 63 1 0)
(1951/2 71 66 1 0)
(1953/2 69 65 1 0)
(1955/2 71 66 1 0)
(1957/2 69 65 1 0)
(1959/2 62 61 2 0)
(1963/2 62 61 1/2 0)
(982 62 61 1/2 0)
(1965/2 67 64 1 0)
(1967/2 71 66 3/4 0)
(3937/4 71 66 1/4 0)
(1969/2 71 66 1/2 0)
(985 71 66 1/2 0)
(1971/2 69 65 1 0)
(1973/2 67 64 1 0)
(1975/2 69 65 3/4 0)
(3953/4 69 65 1/4 0)
(1977/2 71 66 1 0)
(1979/2 74 68 1 0)
(1981/2 71 66 1 0)
(1983/2 69 65 1 0)
(1985/2 72 67 3/4 0)
(3973/4 72 67 1/4 0)
(1987/2 71 66 1/2 0)
(994 69 65 1/2 0)
(1989/2 67 64 2 0)
(1993/2 62 61 1/2 0)
(997 62 61 1/2 0)
(1995/2 67 64 1 0)
(1997/2 71 66 3/4 0)
(3997/4 71 66 1/4 0)
(1999/2 71 66 1/2 0)
(1000 71 66 1/2 0)
(2001/2 69 65 1 0)
(2003/2 67 64 1 0)
(2005/2 69 65 3/4 0)
(4013/4 69 65 1/4 0)
(2007/2 71 66 1 0)
(2009/2 74 68 1 0)
(2011/2 71 66 1 0)
(2013/2 69 65 1 0)
(2015/2 72 67 3/4 0)
(4033/4 72 67 1/4 0)
(2017/2 71 66 1/2 0)
(1009 69 65 1/2 0)
(2019/2 67 64 2 0)
(2023/2 72 67 1 0)
(2025/2 71 66 3/2 0)
(1014 69 65 1/2 0)
(2029/2 67 64 1/2 0)
(1015 66 63 1/2 0)
(2031/2 67 64 1/2 0)
(1016 69 65 1/2 0)
(2033/2 71 66 1 0)
(2035/2 71 66 1 0)
(2037/2 69 65 1 0)
(2039/2 72 67 1/2 0)
(1020 71 66 1/2 0)
(2041/2 69 65 1 0)
(2043/2 71 66 2 0)
(2047/2 74 68 1/2 0)
(1024 74 68 1/2 0)
(2049/2 67 64 1/2 0)
(1025 69 65 1/2 0)
(2051/2 74 68 1 0)
(2053/2 76 69 1/2 0)
(1027 74 68 1/2 0)
(2055/2 69 65 1 0)
(2057/2 67 64 1/2 0)
(1029 67 64 1/2 0)
(2059/2 69 65 1/2 0)
(1030 72 67 1/2 0)
(2061/2 71 66 1 0)
(2063/2 74 68 1 0)
(2065/2 67 64 1 0)
(2067/2 69 65 1 0)
(2069/2 72 67 1 0)
(2071/2 71 66 1 0)
(2073/2 67 64 2 0)
(2077/2 69 65 1 0)
(2079/2 67 64 3/2 0)
(1041 69 65 1/2 0)
(2083/2 67 64 3/4 0)
(4169/4 66 63 1/4 0)
(2085/2 64 62 1 0)
(2087/2 66 63 1 0)
(2089/2 71 66 1 0)
(2091/2 69 65 3/2 0)
(1047 67 64 1/2 0)
(2095/2 66 63 1/2 0)
(1048 64 62 1/2 0)
(2097/2 62 61 2 0)
(2101/2 62 61 3/4 0)
(4205/4 62 61 1/4 0)
(2103/2 67 64 1 0)
(2105/2 69 65 3/4 0)
(4213/4 69 65 1/4 0)
(2107/2 71 66 1/2 0)
(1054 71 66 1/2 0)
(2109/2 69 65 1 0)
(2111/2 67 64 1 0)
(2113/2 69 65 1/2 0)
(1057 69 65 1/2 0)
(2115/2 71 66 1 0)
(2117/2 74 68 1 0)
(2119/2 71 66 1 0)
(2121/2 69 65 1 0)
(2123/2 72 67 1 0)
(2125/2 71 66 1/2 0)
(1063 69 65 1/2 0)
(2127/2 67 64 2 0)
(2131/2 71 66 3/4 0)
(4265/4 71 66 1/4 0)
(2133/2 67 64 3/4 0)
(4269/4 67 64 1/4 0)
(2135/2 67 64 1 0)
(2137/2 71 66 1/2 0)
(1069 69 65 1/2 0)
(2139/2 67 64 1 0)
(2141/2 67 64 1 0)
(2143/2 71 66 1/2 0)
(1072 72 67 1/2 0)
(2145/2 74 68 2 0)
(2149/2 76 69 2 0)
(2153/2 74 68 2 0)
(2157/2 71 66 3/4 0)
(4317/4 71 66 1/4 0)
(2159/2 67 64 3/4 0)
(4321/4 67 64 1/4 0)
(2161/2 67 64 1 0)
(2163/2 71 66 1/2 0)
(1082 69 65 1/2 0)
(2165/2 67 64 1 0)
(2167/2 67 64 1 0)
(2169/2 71 66 1/2 0)
(1085 72 67 1/2 0)
(2171/2 74 68 2 0)
(2175/2 76 69 2 0)
(2179/2 74 68 2 0)
(2183/2 76 69 2 0)
(2187/2 74 68 1 0)
(2189/2 72 67 1/2 0)
(1095 72 67 1/2 0)
(2191/2 71 66 1 0)
(2193/2 69 65 1 0)
(2195/2 71 66 1 0)
(2197/2 67 64 1 0)
(2199/2 69 65 1 0)
(2201/2 71 66 1 0)
(2203/2 72 67 1 0)
(2205/2 74 68 1 0)
(2207/2 69 65 3/2 0)
(1105 71 66 1/2 0)
(2211/2 69 65 1 0)
(2213/2 67 64 2 0)
