(0 74 68 1/2 0)
(1/2 74 68 1 0)
(3/2 74 68 1/2 0)
(2 74 68 1 0)
(3 74 68 1/2 0)
(7/2 76 69 1 0)
(9/2 76 69 1/2 0)
(5 74 68 1 0)
(6 79 71 1/2 0)
(13/2 78 70 1 0)
(15/2 78 70 1/2 0)
(8 76 69 1 0)
(9 76 69 1/2 0)
(19/2 74 68 5/2 0)
(12 74 68 1/2 0)
(25/2 74 68 1 0)
(27/2 74 68 1/2 0)
(14 74 68 1 0)
(15 74 68 1/2 0)
(31/2 76 69 1 0)
(33/2 76 69 1/2 0)
(17 74 68 1 0)
(18 79 71 1/2 0)
(37/2 78 70 1 0)
(39/2 78 70 1/2 0)
(20 76 69 1 0)
(21 76 69 1/2 0)
(43/2 74 68 5/2 0)
(24 78 70 1/2 0)
(49/2 81 72 1 0)
(51/2 81 72 1/2 0)
(26 81 72 1 0)
(27 83 73 1/2 0)
(55/2 81 72 1 0)
(57/2 79 71 1/2 0)
(29 78 70 1 0)
(30 69 65 1/2 0)
(61/2 74 68 1 0)
(63/2 76 69 1/2 0)
(32 78 70 1 0)
(33 79 71 1/2 0)
(67/2 81 72 5/2 0)
(36 81 72 1/4 0)
(145/4 81 72 1/4 0)
(73/2 81 72 1 0)
(75/2 81 72 1/2 0)
(38 81 72 1 0)
(39 83 73 1/2 0)
(79/2 81 72 1 0)
(81/2 78 70 1/2 0)
(41 74 68 1 0)
(42 76 69 1/2 0)
(85/2 78 70 1/2 0)
(43 79 71 1/2 0)
(87/2 78 70 1/2 0)
(44 76 69 1/2 0)
(89/2 78 70 1/2 0)
(45 76 69 1/2 0)
(91/2 74 68 1 0)
(93/2 71 66 1/2 0)
(47 71 66 1 0)
(48 72 67 1/2 0)
(97/2 74 68 1 0)
(99/2 74 68 1/2 0)
(50 74 68 1 0)
(51 76 69 1/2 0)
(103/2 74 68 1 0)
(105/2 79 71 1 0)
(107/2 81 72 1 0)
(109/2 83 73 1 0)
(111/2 81 72 1/2 0)
(56 79 71 1 0)
(57 78 70 1/2 0)
(115/2 78 70 3/2 0)
(59 76 69 3/2 0)
(121/2 79 71 1 0)
(123/2 76 69 1/2 0)
(62 74 68 1 0)
(63 79 71 1 0)
(64 81 72 1 0)
(65 83 73 3/2 0)
(133/2 81 72 3/2 0)
(68 79 71 5/2 0)
(141/2 62 61 1/2 0)
(71 62 61 1 0)
(72 62 61 1/2 0)
(145/2 62 61 1 0)
(147/2 62 61 1/2 0)
(74 64 62 1 0)
(75 64 62 1/2 0)
(151/2 62 61 1 0)
(153/2 67 64 1/2 0)
(77 66 63 1 0)
(78 66 63 1/2 0)
(157/2 64 62 1 0)
(159/2 64 62 1/2 0)
(80 62 61 5/2 0)
(165/2 62 61 1/2 0)
(83 62 61 1 0)
(84 62 61 1/2 0)
(169/2 62 61 1 0)
(171/2 62 61 1/2 0)
(86 64 62 1 0)
(87 64 62 1/2 0)
(175/2 62 61 1 0)
(177/2 67 64 1/2 0)
(89 66 63 1 0)
(90 66 63 1/2 0)
(181/2 64 62 1 0)
(183/2 64 62 1/2 0)
(92 62 61 5/2 0)
(189/2 66 63 1/2 0)
(95 69 65 1 0)
(96 68 64 1/2 0)
(193/2 69 65 1 0)
(195/2 71 66 1/2 0)
(98 69 65 3/2 0)
(199/2 62 61 1 0)
(201/2 60 60 1/2 0)
(101 59 59 1 0)
(102 62 61 1/2 0)
(205/2 67 64 1 0)
(207/2 69 65 1/2 0)
(104 71 66 5/2 0)
(213/2 71 66 1/2 0)
(107 69 65 1 0)
(108 68 64 1/2 0)
(217/2 69 65 1 0)
(219/2 71 66 1/2 0)
(110 69 65 3/2 0)
(223/2 62 61 1 0)
(225/2 64 62 1/2 0)
(113 66 63 1 0)
(114 66 63 1/2 0)
(229/2 64 62 1 0)
(231/2 64 62 1/2 0)
(116 62 61 1 0)
(117 60 60 1/2 0)
(235/2 59 59 1 0)
(237/2 60 60 1/2 0)
(119 62 61 1 0)
(120 64 62 1/2 0)
(241/2 62 61 1 0)
(243/2 64 62 1/2 0)
(122 62 61 3/2 0)
(247/2 67 64 1 0)
(249/2 69 65 1/2 0)
(125 71 66 1 0)
(126 69 65 1/2 0)
(253/2 67 64 1 0)
(255/2 66 63 1/2 0)
(128 66 63 3/2 0)
(259/2 64 62 3/2 0)
(131 64 62 1 0)
(132 64 62 1/2 0)
(265/2 62 61 3/2 0)
(134 67 64 1 0)
(135 69 65 1/2 0)
(271/2 71 66 3/2 0)
(137 69 65 3/2 0)
(277/2 67 64 5/2 0)
(141 71 66 1/4 0)
(565/4 72 67 1/4 0)
(283/2 74 68 1/2 0)
(142 74 68 1/2 0)
(285/2 74 68 1/2 0)
(143 74 68 1 0)
(144 74 68 1/2 0)
(289/2 76 69 3/2 0)
(146 74 68 1 0)
(147 79 71 1/2 0)
(295/2 78 70 1 0)
(297/2 81 72 1/2 0)
(149 76 69 1 0)
(150 81 72 1/2 0)
(301/2 74 68 5/2 0)
(153 71 66 1/4 0)
(613/4 72 67 1/4 0)
(307/2 74 68 1/2 0)
(154 74 68 1/2 0)
(309/2 74 68 1/2 0)
(155 74 68 1 0)
(156 74 68 1/2 0)
(313/2 76 69 3/2 0)
(158 74 68 1 0)
(159 79 71 1/2 0)
(319/2 78 70 1/2 0)
(160 78 70 1/2 0)
(321/2 81 72 1/2 0)
(161 76 69 1 0)
(162 81 72 1/2 0)
(325/2 74 68 5/2 0)
(165 74 68 1/2 0)
(331/2 81 72 1 0)
(333/2 81 72 1/2 0)
(167 81 72 1 0)
(168 83 73 1/2 0)
(337/2 81 72 1 0)
(339/2 78 70 1/2 0)
(170 74 68 1 0)
(171 72 67 1/2 0)
(343/2 71 66 1 0)
(345/2 74 68 1/2 0)
(173 79 71 1 0)
(174 81 72 1/2 0)
(349/2 83 73 5/2 0)
(177 83 73 1/4 0)
(709/4 83 73 1/4 0)
(355/2 81 72 1 0)
(357/2 80 71 1/2 0)
(179 81 72 1 0)
(180 83 73 1/2 0)
(361/2 81 72 1 0)
(363/2 78 70 1/2 0)
(182 74 68 1 0)
(183 76 69 1/2 0)
(367/2 78 70 1 0)
(369/2 78 70 1/2 0)
(185 76 69 1 0)
(186 76 69 1/2 0)
(373/2 74 68 3/2 0)
(188 71 66 1 0)
(189 72 67 1/2 0)
(379/2 74 68 1 0)
(381/2 74 68 1/2 0)
(191 74 68 1 0)
(192 76 69 1/2 0)
(385/2 74 68 3/2 0)
(194 79 71 1 0)
(195 81 72 1/2 0)
(391/2 83 73 1 0)
(393/2 81 72 1/2 0)
(197 79 71 1 0)
(198 78 70 1/2 0)
(397/2 78 70 1 0)
(399/2 76 69 1/2 0)
(200 79 71 1 0)
(201 76 69 1/2 0)
(403/2 74 68 3/2 0)
(203 79 71 1 0)
(204 81 72 1/2 0)
(409/2 83 73 3/2 0)
(206 81 72 3/2 0)
(415/2 79 71 5/2 0)
(210 64 62 1/2 0)
(421/2 67 64 1 0)
(423/2 67 64 1/2 0)
(212 67 64 1 0)
(213 67 64 1/2 0)
(427/2 69 65 1 0)
(429/2 69 65 1/2 0)
(215 67 64 1 0)
(216 72 67 1/2 0)
(433/2 71 66 1 0)
(435/2 71 66 1/2 0)
(218 69 65 1 0)
(219 69 65 1/2 0)
(439/2 67 64 5/2 0)
(222 64 62 1/2 0)
(445/2 67 64 1 0)
(447/2 67 64 1/2 0)
(224 67 64 1 0)
(225 67 64 1/2 0)
(451/2 69 65 1 0)
(453/2 69 65 1/2 0)
(227 67 64 1 0)
(228 72 67 1/2 0)
(457/2 71 66 1 0)
(459/2 71 66 1/2 0)
(230 69 65 1 0)
(231 69 65 1/2 0)
(463/2 67 64 5/2 0)
(234 67 64 1/2 0)
(469/2 74 68 1 0)
(471/2 73 67 1/2 0)
(236 74 68 1 0)
(237 76 69 1/2 0)
(475/2 74 68 1 0)
(477/2 71 66 1/2 0)
(239 67 64 1 0)
(240 65 63 1/2 0)
(481/2 64 62 1 0)
(483/2 67 64 1/2 0)
(242 72 67 1 0)
(243 74 68 1/2 0)
(487/2 76 69 5/2 0)
(246 76 69 1/4 0)
(985/4 76 69 1/4 0)
(493/2 74 68 1 0)
(495/2 73 67 1/2 0)
(248 74 68 1 0)
(249 76 69 1/2 0)
(499/2 74 68 1 0)
(501/2 71 66 1/2 0)
(251 67 64 1 0)
(252 69 65 1/2 0)
(505/2 71 66 1 0)
(507/2 71 66 1/2 0)
(254 69 65 1 0)
(255 69 65 1/2 0)
(511/2 67 64 1 0)
(513/2 65 63 1/2 0)
(257 64 62 1 0)
(258 65 63 1/2 0)
(517/2 67 64 1 0)
(519/2 66 63 1/2 0)
(260 67 64 1 0)
(261 69 65 1/2 0)
(523/2 67 64 3/2 0)
(263 72 67 1 0)
(264 74 68 1/2 0)
(529/2 76 69 1 0)
(531/2 74 68 1/2 0)
(266 72 67 1 0)
(267 71 66 1/2 0)
(535/2 71 66 3/2 0)
(269 69 65 3/2 0)
(541/2 72 67 1/2 0)
(271 71 66 1/2 0)
(543/2 69 65 1/2 0)
(272 67 64 3/2 0)
(547/2 72 67 1 0)
(549/2 74 68 1/2 0)
(275 76 69 3/2 0)
(553/2 74 68 3/2 0)
(278 72 67 5/2 0)
(561/2 62 61 1/2 0)
(281 62 61 1/2 0)
(563/2 62 61 1/2 0)
(282 62 61 1/2 0)
(565/2 67 64 1 0)
(567/2 66 63 1/2 0)
(284 64 62 3/2 0)
(571/2 62 61 1 0)
(573/2 66 63 1/2 0)
(287 69 65 1 0)
(288 69 65 1/2 0)
(577/2 64 62 1 0)
(579/2 64 62 1/2 0)
(290 62 61 5/2 0)
(585/2 59 59 1/2 0)
(293 62 61 1 0)
(294 62 61 1/2 0)
(589/2 67 64 1 0)
(591/2 66 63 1/2 0)
(296 64 62 1 0)
(297 64 62 1/2 0)
(595/2 62 61 1 0)
(597/2 66 63 1/2 0)
(299 69 65 1 0)
(300 69 65 1/2 0)
(601/2 64 62 1 0)
(603/2 64 62 1/2 0)
(302 62 61 5/2 0)
(609/2 66 63 1/2 0)
(305 69 65 1 0)
(306 67 64 1/2 0)
(613/2 69 65 1 0)
(615/2 71 66 1/2 0)
(308 69 65 1 0)
(309 66 63 1/2 0)
(619/2 62 61 1 0)
(621/2 60 60 1/2 0)
(311 59 59 1 0)
(312 62 61 1/2 0)
(625/2 67 64 1 0)
(627/2 69 65 1/2 0)
(314 71 66 5/2 0)
(633/2 71 66 1/4 0)
(1267/4 71 66 1/4 0)
(317 69 65 1 0)
(318 67 64 1/2 0)
(637/2 69 65 1 0)
(639/2 71 66 1/2 0)
(320 69 65 1 0)
(321 66 63 1/2 0)
(643/2 62 61 1 0)
(645/2 64 62 1/2 0)
(323 66 63 1 0)
(324 66 63 1/2 0)
(649/2 64 62 1 0)
(651/2 64 62 1/2 0)
(326 62 61 3/2 0)
(655/2 59 59 1 0)
(657/2 60 60 1/2 0)
(329 62 61 1 0)
(330 64 62 1/2 0)
(661/2 62 61 1 0)
(663/2 64 62 1/2 0)
(332 62 61 3/2 0)
(667/2 67 64 1 0)
(669/2 69 65 1/2 0)
(335 71 66 1 0)
(336 71 66 1/2 0)
(673/2 69 65 1 0)
(675/2 67 64 1/2 0)
(338 66 63 3/2 0)
(679/2 64 62 3/2 0)
(341 67 64 1/2 0)
(683/2 66 63 1/2 0)
(342 64 62 1/2 0)
(685/2 62 61 3/2 0)
(344 67 64 1 0)
(345 69 65 1/2 0)
(691/2 71 66 3/2 0)
(347 69 65 1 0)
(348 66 63 1/2 0)
(697/2 67 64 5/2 0)
(351 59 59 1/2 0)
(703/2 62 61 1 0)
(705/2 62 61 1/2 0)
(353 62 61 1 0)
(354 62 61 1/2 0)
(709/2 64 62 1 0)
(711/2 64 62 1/2 0)
(356 62 61 1 0)
(357 67 64 1/2 0)
(715/2 66 63 1 0)
(717/2 66 63 1/2 0)
(359 64 62 1 0)
(360 64 62 1/2 0)
(721/2 62 61 5/2 0)
(363 59 59 1/2 0)
(727/2 62 61 1 0)
(729/2 62 61 1/2 0)
(365 62 61 1 0)
(366 62 61 1/2 0)
(733/2 64 62 1 0)
(735/2 64 62 1/2 0)
(368 62 61 1 0)
(369 67 64 1/2 0)
(739/2 66 63 1 0)
(741/2 66 63 1/2 0)
(371 64 62 1 0)
(372 64 62 1/2 0)
(745/2 62 61 5/2 0)
(375 66 63 1/2 0)
(751/2 69 65 1 0)
(753/2 69 65 1/2 0)
(377 69 65 1 0)
(378 71 66 1/2 0)
(757/2 69 65 3/2 0)
(380 62 61 1 0)
(381 62 61 1/2 0)
(763/2 67 64 1 0)
(765/2 67 64 1/2 0)
(383 67 64 1 0)
(384 69 65 1/2 0)
(769/2 71 66 3 0)
(775/2 69 65 1 0)
(777/2 69 65 1/2 0)
(389 69 65 1 0)
(390 71 66 1/2 0)
(781/2 69 65 1 0)
(783/2 66 63 1/2 0)
(392 62 61 1 0)
(393 67 64 1/2 0)
(787/2 66 63 1 0)
(789/2 66 63 1/2 0)
(395 64 62 1 0)
(396 64 62 1/2 0)
(793/2 62 61 3/2 0)
(398 59 59 1 0)
(399 60 60 1/2 0)
(799/2 62 61 1 0)
(801/2 62 61 1/2 0)
(401 64 62 1 0)
(402 64 62 1/2 0)
(805/2 62 61 3/2 0)
(404 67 64 1 0)
(405 69 65 1/2 0)
(811/2 71 66 1 0)
(813/2 69 65 1/2 0)
(407 67 64 1 0)
(408 66 63 1/2 0)
(817/2 66 63 3/2 0)
(410 64 62 3/2 0)
(823/2 66 63 1 0)
(825/2 64 62 1/2 0)
(413 62 61 3/2 0)
(829/2 67 64 1 0)
(831/2 69 65 1/2 0)
(416 71 66 3/2 0)
(835/2 69 65 3/2 0)
(419 67 64 5/2 0)
(843/2 71 66 1/2 0)
(422 74 68 1 0)
(423 74 68 1/2 0)
(847/2 74 68 1 0)
(849/2 74 68 1/2 0)
(425 76 69 1 0)
(426 76 69 1/2 0)
(853/2 74 68 1 0)
(855/2 78 70 1/2 0)
(428 78 70 1 0)
(429 78 70 1/2 0)
(859/2 76 69 1 0)
(861/2 76 69 1/2 0)
(431 74 68 5/2 0)
(867/2 74 68 1/4 0)
(1735/4 74 68 1/4 0)
(434 74 68 1 0)
(435 74 68 1/2 0)
(871/2 74 68 1 0)
(873/2 74 68 1/2 0)
(437 76 69 1 0)
(438 76 69 1/2 0)
(877/2 74 68 1 0)
(879/2 78 70 1/2 0)
(440 78 70 1 0)
(441 78 70 1/2 0)
(883/2 76 69 1 0)
(885/2 76 69 1/2 0)
(443 74 68 5/2 0)
(891/2 78 70 1/4 0)
(1783/4 78 70 1/4 0)
(446 81 72 1/2 0)
(893/2 81 72 1/2 0)
(447 81 72 1/2 0)
(895/2 83 73 1 0)
(897/2 81 72 1/2 0)
(449 81 72 3/2 0)
(901/2 78 70 1 0)
(903/2 74 68 1/2 0)
(452 79 71 1 0)
(453 78 70 1/2 0)
(907/2 79 71 1 0)
(909/2 81 72 1/2 0)
(455 83 73 5/2 0)
(915/2 83 73 1/4 0)
(1831/4 83 73 1/4 0)
(458 81 72 1/2 0)
(917/2 81 72 1/2 0)
(459 81 72 1/2 0)
(919/2 81 72 1 0)
(921/2 83 73 1/2 0)
(461 81 72 3/2 0)
(925/2 81 72 1 0)
(927/2 83 73 1/2 0)
(464 81 72 1 0)
(465 79 71 1/2 0)
(931/2 78 70 1 0)
(933/2 76 69 1/2 0)
(467 74 68 1 0)
(468 74 68 1/2 0)
(937/2 74 68 1 0)
(939/2 74 68 1/2 0)
(470 79 71 1 0)
(471 74 68 1/2 0)
(943/2 74 68 1 0)
(945/2 74 68 1/2 0)
(473 78 70 5/2 0)
(951/2 74 68 1/2 0)
(476 81 72 1 0)
(477 81 72 1/2 0)
(955/2 81 72 1 0)
(957/2 81 72 1/2 0)
(479 81 72 1 0)
(480 81 72 1/2 0)
(961/2 81 72 1 0)
(963/2 81 72 1/2 0)
(482 81 72 1 0)
(483 79 71 1/2 0)
(967/2 78 70 1 0)
(969/2 76 69 1/2 0)
(485 74 68 5/2 0)
(975/2 74 68 1/2 0)
(488 74 68 1 0)
(489 74 68 1/2 0)
(979/2 74 68 1 0)
(981/2 74 68 1/2 0)
(491 76 69 1 0)
(492 76 69 1/2 0)
(985/2 74 68 1 0)
(987/2 79 71 1/2 0)
(494 78 70 1 0)
(495 78 70 1/2 0)
(991/2 76 69 1 0)
(993/2 76 69 1/2 0)
(497 74 68 2 0)
(499 74 68 1/2 0)
(999/2 74 68 1 0)
(1001/2 74 68 1/2 0)
(501 74 68 1 0)
(502 74 68 1/2 0)
(1005/2 76 69 1 0)
(1007/2 76 69 1/2 0)
(504 74 68 1 0)
(505 79 71 1/2 0)
(1011/2 78 70 1 0)
(1013/2 78 70 1/2 0)
(507 76 69 1 0)
(508 76 69 1/2 0)
(1017/2 74 68 2 0)
(1021/2 74 68 1/2 0)
(511 81 72 1 0)
(512 81 72 1/2 0)
(1025/2 81 72 1 0)
(1027/2 83 73 1/2 0)
(514 81 72 3/2 0)
(1031/2 74 68 1 0)
(1033/2 74 68 1/2 0)
(517 79 71 1 0)
(518 78 70 1/2 0)
(1037/2 79 71 1 0)
(1039/2 81 72 1/2 0)
(520 83 73 2 0)
(522 83 73 1/4 0)
(2089/4 83 73 1/4 0)
(1045/2 81 72 1 0)
(1047/2 80 71 1/2 0)
(524 81 72 1 0)
(525 83 73 1/2 0)
(1051/2 81 72 3/2 0)
(527 74 68 1 0)
(528 76 69 1/2 0)
(1057/2 78 70 5/2 0)
(531 78 70 1/2 0)
(1063/2 76 69 5/2 0)
(534 76 69 1/2 0)
(1069/2 74 68 3/2 0)
(536 71 66 1 0)
(537 72 67 1/2 0)
(1075/2 74 68 3/2 0)
(539 74 68 1 0)
(540 76 69 1/2 0)
(1081/2 74 68 3/2 0)
(542 79 71 1 0)
(543 81 72 1/2 0)
(1087/2 83 73 1 0)
(1089/2 81 72 1/2 0)
(545 79 71 1 0)
(546 79 71 1/2 0)
(1093/2 78 70 3/2 0)
(548 76 69 3/2 0)
(1099/2 78 70 1 0)
(1101/2 76 69 1/2 0)
(551 74 68 3/2 0)
(1105/2 79 71 1 0)
(1107/2 81 72 1/2 0)
(554 83 73 3/2 0)
(1111/2 81 72 3/2 0)
(557 79 71 5/2 0)
(1119/2 67 64 1/2 0)
(560 67 64 1 0)
(561 67 64 1/2 0)
(1123/2 67 64 1 0)
(1125/2 67 64 1/2 0)
(563 69 65 1 0)
(564 69 65 1/2 0)
(1129/2 67 64 1/2 0)
(565 72 67 1/2 0)
(1131/2 71 66 1 0)
(1133/2 71 66 1/2 0)
(567 69 65 1 0)
(568 69 65 1/2 0)
(1137/2 67 64 3/2 0)
(570 67 64 1/2 0)
(1141/2 67 64 1 0)
(1143/2 67 64 1/2 0)
(572 67 64 1 0)
(573 67 64 1/2 0)
(1147/2 69 65 1 0)
(1149/2 69 65 1/2 0)
(575 67 64 1 0)
(576 72 67 1/2 0)
(1153/2 71 66 1 0)
(1155/2 71 66 1/2 0)
(578 69 65 1 0)
(579 69 65 1/2 0)
(1159/2 67 64 3/2 0)
(581 74 68 1/2 0)
(1163/2 74 68 1 0)
(1165/2 73 67 1/2 0)
(583 74 68 1 0)
(584 76 69 1/2 0)
(1169/2 74 68 1 0)
(1171/2 71 66 1/2 0)
(586 67 64 1 0)
(587 65 63 1/2 0)
(1175/2 64 62 1 0)
(1177/2 67 64 1/2 0)
(589 72 67 1 0)
(590 74 68 1/2 0)
(1181/2 76 69 3/2 0)
(592 76 69 1/2 0)
(1185/2 74 68 1/2 0)
(593 74 68 1/2 0)
(1187/2 73 67 1/2 0)
(594 74 68 1 0)
(595 76 69 1/2 0)
(1191/2 74 68 1 0)
(1193/2 71 66 1/2 0)
(597 67 64 1 0)
(598 72 67 1/2 0)
(1197/2 71 66 1 0)
(1199/2 71 66 1/2 0)
(600 69 65 1 0)
(601 69 65 1/2 0)
(1203/2 67 64 3/2 0)
(603 64 62 1/2 0)
(1207/2 64 62 1 0)
(1209/2 65 63 1/2 0)
(605 67 64 1 0)
(606 64 62 1/2 0)
(1213/2 64 62 1 0)
(1215/2 65 63 1/2 0)
(608 67 64 3/2 0)
(1219/2 72 67 1 0)
(1221/2 74 68 1/2 0)
(611 76 69 1 0)
(612 74 68 1/2 0)
(1225/2 72 67 1 0)
(1227/2 71 66 1/2 0)
(614 71 66 3/2 0)
(1231/2 69 65 3/2 0)
(617 71 66 1 0)
(618 72 67 1/2 0)
(1237/2 67 64 3/2 0)
(620 72 67 1 0)
(621 74 68 1/2 0)
(1243/2 76 69 3/2 0)
(623 74 68 3/2 0)
(1249/2 72 67 3/2 0)
(626 67 64 1/2 0)
(1253/2 67 64 1/2 0)
(627 67 64 1/2 0)
(1255/2 67 64 1/2 0)
(628 72 67 1 0)
(629 71 66 1/2 0)
(1259/2 69 65 1 0)
(1261/2 69 65 1/2 0)
(631 67 64 1 0)
(632 71 66 1/2 0)
(1265/2 74 68 1 0)
(1267/2 74 68 1/2 0)
(634 69 65 1 0)
(635 69 65 1/2 0)
(1271/2 67 64 5/2 0)
(638 64 62 1/2 0)
(1277/2 67 64 1 0)
(1279/2 67 64 1/2 0)
(640 72 67 1 0)
(641 71 66 1/2 0)
(1283/2 69 65 1 0)
(1285/2 69 65 1/2 0)
(643 67 64 1 0)
(644 71 66 1/2 0)
(1289/2 74 68 1 0)
(1291/2 74 68 1/2 0)
(646 69 65 1 0)
(647 69 65 1/2 0)
(1295/2 67 64 5/2 0)
(650 67 64 1/2 0)
(1301/2 74 68 1 0)
(1303/2 73 67 1/2 0)
(652 74 68 1 0)
(653 76 69 1/2 0)
(1307/2 74 68 1 0)
(1309/2 71 66 1/2 0)
(655 67 64 1 0)
(656 65 63 1/2 0)
(1313/2 64 62 1 0)
(1315/2 67 64 1/2 0)
(658 72 67 1 0)
(659 74 68 1/2 0)
(1319/2 76 69 5/2 0)
(662 76 69 1/4 0)
(2649/4 76 69 1/4 0)
(1325/2 74 68 1 0)
(1327/2 73 67 1/2 0)
(664 74 68 1 0)
(665 76 69 1/2 0)
(1331/2 74 68 1 0)
(1333/2 71 66 1/2 0)
(667 67 64 1 0)
(668 69 65 1/2 0)
(1337/2 71 66 1 0)
(1339/2 71 66 1/2 0)
(670 69 65 1 0)
(671 69 65 1/2 0)
(1343/2 67 64 1 0)
(1345/2 67 64 1/2 0)
(673 64 62 1 0)
(674 65 63 1/2 0)
(1349/2 67 64 1 0)
(1351/2 69 65 1/2 0)
(676 67 64 1 0)
(677 69 65 1/2 0)
(1355/2 67 64 3/2 0)
(679 72 67 1 0)
(680 74 68 1/2 0)
(1361/2 76 69 1 0)
(1363/2 76 69 1/2 0)
(682 74 68 1 0)
(683 72 67 1/2 0)
(1367/2 71 66 3/2 0)
(685 69 65 3/2 0)
(1373/2 72 67 1/2 0)
(687 71 66 1/2 0)
(1375/2 69 65 1/2 0)
(688 67 64 3/2 0)
(1379/2 72 67 1 0)
(1381/2 74 68 1/2 0)
(691 76 69 3/2 0)
(1385/2 74 68 3/2 0)
(694 72 67 5/2 0)
(1393/2 67 64 1/2 0)
(697 62 61 1 0)
(698 67 64 1/2 0)
(1397/2 67 64 1 0)
(1399/2 67 64 1/2 0)
(700 69 65 1 0)
(701 69 65 1/2 0)
(1403/2 67 64 1/2 0)
(702 72 67 1/2 0)
(1405/2 71 66 1 0)
(1407/2 71 66 1/2 0)
(704 69 65 1 0)
(705 69 65 1/2 0)
(1411/2 67 64 3/2 0)
(707 67 64 1/2 0)
(1415/2 67 64 1 0)
(1417/2 67 64 1/2 0)
(709 67 64 1/2 0)
(1419/2 67 64 1/2 0)
(710 67 64 1/2 0)
(1421/2 69 65 1 0)
(1423/2 69 65 1/2 0)
(712 67 64 1 0)
(713 72 67 1/2 0)
(1427/2 71 66 1 0)
(1429/2 71 66 1/2 0)
(715 69 65 1 0)
(716 69 65 1/2 0)
(1433/2 67 64 3/2 0)
(718 74 68 1/2 0)
(1437/2 74 68 1 0)
(1439/2 73 67 1/2 0)
(720 74 68 1 0)
(721 76 69 1/2 0)
(1443/2 74 68 1 0)
(1445/2 71 66 1/2 0)
(723 67 64 1 0)
(724 65 63 1/2 0)
(1449/2 64 62 1 0)
(1451/2 67 64 1/2 0)
(726 72 67 1 0)
(727 74 68 1/2 0)
(1455/2 76 69 3/2 0)
(729 76 69 1/2 0)
(1459/2 74 68 1 0)
(1461/2 73 67 1/2 0)
(731 74 68 1 0)
(732 76 69 1/2 0)
(1465/2 74 68 1 0)
(1467/2 71 66 1/2 0)
(734 67 64 1 0)
(735 72 67 1/2 0)
(1471/2 71 66 1 0)
(1473/2 71 66 1/2 0)
(737 69 65 1 0)
(738 69 65 1/2 0)
(1477/2 67 64 3/2 0)
(740 64 62 1/2 0)
(1481/2 64 62 1 0)
(1483/2 65 63 1/2 0)
(742 67 64 1 0)
(743 64 62 1/2 0)
(1487/2 64 62 1 0)
(1489/2 65 63 1/2 0)
(745 67 64 3/2 0)
(1493/2 72 67 1 0)
(1495/2 74 68 1/2 0)
(748 76 69 1 0)
(749 74 68 1/2 0)
(1499/2 72 67 1 0)
(1501/2 71 66 1/2 0)
(751 71 66 3/2 0)
(1505/2 69 65 3/2 0)
(754 71 66 1 0)
(755 72 67 1/2 0)
(1511/2 67 64 3/2 0)
(757 72 67 1 0)
(758 74 68 1/2 0)
(1517/2 76 69 3/2 0)
(760 74 68 3/2 0)
(1523/2 72 67 3/2 0)
