(0 67 64 1 0)
(1 69 65 1/2 0)
(3/2 71 66 1/2 0)
(2 72 67 1 0)
(3 69 65 3/4 0)
(15/4 69 65 1/4 0)
(4 67 64 1/2 0)
(9/2 71 66 1/2 0)
(5 74 68 1/2 0)
(11/2 74 68 1/2 0)
(6 69 65 1 0)
(7 69 65 1 0)
(8 74 68 1 0)
(9 76 69 1/2 0)
(19/2 74 68 1/2 0)
(10 72 67 1/2 0)
(21/2 72 67 1/2 0)
(11 74 68 3/4 0)
(47/4 72 67 1/4 0)
(12 71 66 1/2 0)
(25/2 69 65 1/2 0)
(13 71 66 1/2 0)
(27/2 72 67 1/2 0)
(14 74 68 2 0)
(16 67 64 1 0)
(17 71 66 1/2 0)
(35/2 74 68 1/2 0)
(18 79 71 1 0)
(19 78 70 1 0)
(20 76 69 3/4 0)
(83/4 76 69 1/4 0)
(21 76 69 1/2 0)
(43/2 78 70 1/2 0)
(22 76 69 1/2 0)
(45/2 76 69 1/2 0)
(23 74 68 1 0)
(24 76 69 1 0)
(25 74 68 3/4 0)
(103/4 72 67 1/4 0)
(26 71 66 1 0)
(27 67 64 3/4 0)
(111/4 71 66 1/4 0)
(28 69 65 1/2 0)
(57/2 69 65 1/2 0)
(29 76 69 1/2 0)
(59/2 76 69 1/2 0)
(30 74 68 2 0)
(32 79 71 1 0)
(33 76 69 3/4 0)
(135/4 72 67 1/4 0)
(34 71 66 1 0)
(35 67 64 3/4 0)
(143/4 71 66 1/4 0)
(36 69 65 1/2 0)
(73/2 71 66 1/2 0)
(37 72 67 1/2 0)
(75/2 69 65 1/2 0)
(38 67 64 2 0)
(40 62 61 1 0)
(41 64 62 1 0)
(42 66 63 1 0)
(43 67 64 1 0)
(44 66 63 3/2 0)
(91/2 64 62 1/2 0)
(46 62 61 3/2 0)
(95/2 66 63 1/2 0)
(48 69 65 1 0)
(49 67 64 1/2 0)
(99/2 66 63 1/2 0)
(50 64 62 2 0)
(52 69 65 1 0)
(53 71 66 1 0)
(54 69 65 1 0)
(55 67 64 1 0)
(56 67 64 1 0)
(57 66 63 1/2 0)
(115/2 69 65 1/2 0)
(58 71 66 1/2 0)
(117/2 71 66 1/2 0)
(59 69 65 1 0)
(60 62 61 3/2 0)
(123/2 66 63 1/2 0)
(62 69 65 1 0)
(63 69 65 1 0)
(64 74 68 1 0)
(65 73 67 1 0)
(66 71 66 1/2 0)
(133/2 73 67 1/2 0)
(67 74 68 1/2 0)
(135/2 73 67 1/2 0)
(68 71 66 1 0)
(69 69 65 1 0)
(70 69 65 1 0)
(71 69 65 1 0)
(72 67 64 1 0)
(73 66 63 1 0)
(74 66 63 1 0)
(75 66 63 1 0)
(76 64 62 1/2 0)
(153/2 69 65 1/2 0)
(77 71 66 1 0)
(78 71 66 1 0)
(79 69 65 1 0)
(80 69 65 1 0)
(81 69 65 1 0)
(82 67 64 1 0)
(83 66 63 1/2 0)
(167/2 66 63 1/2 0)
(84 66 63 1 0)
(85 64 62 1/2 0)
(171/2 66 63 1/2 0)
(86 67 64 1 0)
(87 64 62 1 0)
(88 62 61 2 0)
(90 67 64 1 0)
(91 69 65 1/2 0)
(183/2 71 66 1/2 0)
(92 72 67 1 0)
(93 69 65 1 0)
(94 67 64 3/4 0)
(379/4 71 66 1/4 0)
(95 74 68 1/2 0)
(191/2 74 68 1/2 0)
(96 69 65 1/2 0)
(193/2 66 63 1/2 0)
(97 62 61 1 0)
(98 74 68 1 0)
(99 76 69 1/2 0)
(199/2 74 68 1/2 0)
(100 72 67 1/2 0)
(201/2 76 69 1/2 0)
(101 74 68 3/4 0)
(407/4 72 67 1/4 0)
(102 71 66 1/2 0)
(205/2 69 65 1/2 0)
(103 71 66 1/2 0)
(207/2 72 67 1/2 0)
(104 74 68 2 0)
(106 67 64 3/4 0)
(427/4 67 64 1/4 0)
(107 71 66 1/2 0)
(215/2 74 68 1/2 0)
(108 79 71 1 0)
(109 78 70 1 0)
(110 76 69 3/4 0)
(443/4 76 69 1/4 0)
(111 76 69 1/2 0)
(223/2 76 69 1/2 0)
(112 76 69 1/2 0)
(225/2 74 68 1/2 0)
(113 74 68 1 0)
(114 74 68 1 0)
(115 72 67 1/2 0)
(231/2 72 67 1/2 0)
(116 71 66 1 0)
(117 71 66 3/4 0)
(471/4 71 66 1/4 0)
(118 72 67 1/2 0)
(237/2 74 68 1/2 0)
(119 76 69 1/2 0)
(239/2 76 69 1/2 0)
(120 74 68 2 0)
(122 74 68 1 0)
(123 76 69 1/2 0)
(247/2 72 67 1/2 0)
(124 71 66 1 0)
(125 67 64 3/4 0)
(503/4 67 64 1/4 0)
(126 69 65 1/2 0)
(253/2 71 66 1/2 0)
(127 72 67 1/2 0)
(255/2 69 65 1/2 0)
(128 67 64 2 0)
(130 62 61 1/2 0)
(261/2 67 64 1/2 0)
(131 69 65 1/2 0)
(263/2 71 66 1 0)
(265/2 71 66 1 0)
(267/2 69 65 1 0)
(269/2 74 68 1 0)
(271/2 71 66 1 0)
(273/2 71 66 3/2 0)
(138 74 68 1/2 0)
(277/2 76 69 1/2 0)
(139 74 68 1/2 0)
(279/2 72 67 1 0)
(281/2 69 65 1/2 0)
(141 69 65 1/2 0)
(283/2 71 66 1/4 0)
(567/4 71 66 1/4 0)
(142 71 66 1/2 0)
(285/2 76 69 1/2 0)
(143 76 69 1/2 0)
(287/2 74 68 5/2 0)
(146 67 64 1/4 0)
(585/4 67 64 1/4 0)
(293/2 67 64 1/4 0)
(587/4 67 64 1/4 0)
(147 74 68 1/2 0)
(295/2 79 71 2 0)
(299/2 76 69 1/2 0)
(150 78 70 1/2 0)
(301/2 79 71 1/2 0)
(151 76 69 1/2 0)
(303/2 74 68 1 0)
(305/2 71 66 3/2 0)
(154 69 65 1/2 0)
(309/2 71 66 1/2 0)
(155 72 67 1/2 0)
(311/2 76 69 1/2 0)
(156 74 68 1 0)
(157 74 68 1/2 0)
(315/2 73 67 1/2 0)
(158 74 68 1/2 0)
(317/2 76 69 1/4 0)
(635/4 76 69 1/4 0)
(159 74 68 1/2 0)
(319/2 71 66 5/2 0)
(162 74 68 1/2 0)
(325/2 74 68 1/2 0)
(163 72 67 1/2 0)
(327/2 71 66 1/2 0)
(164 67 64 1 0)
(165 67 64 1/2 0)
(331/2 67 64 1/2 0)
(166 72 67 1/2 0)
(333/2 71 66 1/4 0)
(667/4 71 66 1/4 0)
(167 69 65 1/2 0)
(335/2 67 64 5/2 0)
(170 67 64 1 0)
(171 69 65 1/2 0)
(343/2 71 66 1/2 0)
(172 72 67 3/2 0)
(347/2 72 67 1/2 0)
(174 71 66 1/2 0)
(349/2 72 67 1/2 0)
(175 74 68 1/2 0)
(351/2 72 67 1/2 0)
(176 71 66 1 0)
(177 69 65 1 0)
(178 74 68 1 0)
(179 74 68 1/2 0)
(359/2 72 67 1/2 0)
(180 72 67 3/2 0)
(363/2 72 67 1/2 0)
(182 72 67 1/2 0)
(365/2 71 66 1/2 0)
(183 72 67 1/2 0)
(367/2 76 69 1/2 0)
(184 74 68 2 0)
(186 67 64 1/2 0)
(373/2 67 64 1/2 0)
(187 71 66 1/2 0)
(375/2 71 66 1/2 0)
(188 79 71 1 0)
(189 78 70 1 0)
(190 76 69 1/2 0)
(381/2 74 68 1/2 0)
(191 76 69 1/2 0)
(383/2 78 70 1/2 0)
(192 76 69 1 0)
(193 74 68 1 0)
(194 74 68 1 0)
(195 74 68 1/2 0)
(391/2 72 67 1/2 0)
(196 71 66 1 0)
(197 71 66 3/4 0)
(791/4 71 66 1/4 0)
(198 72 67 1/2 0)
(397/2 71 66 1/2 0)
(199 72 67 1/2 0)
(399/2 76 69 1/2 0)
(200 74 68 2 0)
(202 74 68 1 0)
(203 74 68 1/2 0)
(407/2 72 67 1/2 0)
(204 71 66 1 0)
(205 71 66 3/4 0)
(823/4 71 66 1/4 0)
(206 69 65 1/2 0)
(413/2 71 66 1/2 0)
(207 72 67 1/2 0)
(415/2 69 65 1/2 0)
(208 67 64 2 0)
(210 71 66 1 0)
(211 69 65 1/4 0)
(845/4 69 65 1/4 0)
(423/2 71 66 1/2 0)
(212 72 67 1/2 0)
(425/2 71 66 1/2 0)
(213 69 65 3/4 0)
(855/4 69 65 1/4 0)
(214 67 64 1/2 0)
(429/2 71 66 1/2 0)
(215 74 68 1/2 0)
(431/2 74 68 1/2 0)
(216 69 65 1/2 0)
(433/2 76 69 1/2 0)
(217 74 68 1 0)
(218 74 68 1 0)
(219 76 69 1/2 0)
(439/2 74 68 1/2 0)
(220 72 67 1/2 0)
(441/2 74 68 1/2 0)
(221 74 68 3/4 0)
(887/4 72 67 1/4 0)
(222 71 66 1/2 0)
(445/2 69 65 1/2 0)
(223 71 66 1/2 0)
(447/2 72 67 1/2 0)
(224 74 68 2 0)
(226 67 64 3/4 0)
(907/4 67 64 1/4 0)
(227 71 66 1/2 0)
(455/2 74 68 1/4 0)
(911/4 74 68 1/4 0)
(228 79 71 1 0)
(229 78 70 1 0)
(230 78 70 1/2 0)
(461/2 81 72 1/2 0)
(231 79 71 1/2 0)
(463/2 78 70 1/2 0)
(232 76 69 1/2 0)
(465/2 74 68 1/2 0)
(233 74 68 1 0)
(234 74 68 1 0)
(235 76 69 1/2 0)
(471/2 72 67 1/2 0)
(236 71 66 1/2 0)
(473/2 74 68 1/2 0)
(237 67 64 3/4 0)
(951/4 67 64 1/4 0)
(238 66 63 1/2 0)
(477/2 69 65 1/2 0)
(239 72 67 1/4 0)
(957/4 72 67 1/4 0)
(479/2 71 66 1/2 0)
(240 67 64 2 0)
(242 62 61 1 0)
(243 62 61 1/2 0)
(487/2 64 62 1/2 0)
(244 66 63 1 0)
(245 64 62 1 0)
(246 62 61 1/2 0)
(493/2 66 63 1/2 0)
(247 69 65 1/2 0)
(495/2 66 63 1/2 0)
(248 64 62 1/2 0)
(497/2 61 60 1/2 0)
(249 57 58 1 0)
(250 69 65 1 0)
(251 71 66 1/2 0)
(503/2 69 65 1/2 0)
(252 67 64 1 0)
(253 67 64 1 0)
(254 66 63 1/2 0)
(509/2 64 62 1/2 0)
(255 66 63 1/2 0)
(511/2 71 66 1/2 0)
(256 69 65 2 0)
(258 69 65 1 0)
(259 71 66 1/2 0)
(519/2 73 67 1/2 0)
(260 74 68 1 0)
(261 73 67 1 0)
(262 71 66 3/4 0)
(1051/4 69 65 1/4 0)
(263 71 66 1/2 0)
(527/2 73 67 1/2 0)
(264 71 66 1/2 0)
(529/2 69 65 1/2 0)
(265 69 65 1 0)
(266 69 65 1 0)
(267 69 65 1/2 0)
(535/2 67 64 1/2 0)
(268 66 63 1 0)
(269 66 63 3/4 0)
(1079/4 66 63 1/4 0)
(270 64 62 1/2 0)
(541/2 71 66 1/2 0)
(271 69 65 1/2 0)
(543/2 67 64 1/2 0)
(272 66 63 2 0)
(274 69 65 1 0)
(275 69 65 1/2 0)
(551/2 67 64 1/2 0)
(276 66 63 1 0)
(277 66 63 3/4 0)
(1111/4 66 63 1/4 0)
(278 64 62 1/2 0)
(557/2 67 64 1/2 0)
(279 66 63 1/2 0)
(559/2 64 62 1/2 0)
(280 62 61 2 0)
(282 67 64 2 0)
(284 69 65 1 0)
(285 71 66 1 0)
(286 72 67 1 0)
(287 71 66 1 0)
(288 69 65 2 0)
(290 67 64 1 0)
(291 72 67 1 0)
(292 71 66 1 0)
(293 69 65 1 0)
(294 67 64 2 0)
(296 62 61 2 0)
(298 74 68 2 0)
(300 76 69 1 0)
(301 74 68 1 0)
(302 72 67 2 0)
(304 72 67 3/2 0)
(611/2 72 67 1/2 0)
(306 71 66 1 0)
(307 69 65 1 0)
(308 71 66 1 0)
(309 76 69 1 0)
(310 74 68 4 0)
(314 67 64 3/2 0)
(631/2 74 68 1/2 0)
(316 74 68 1 0)
(317 74 68 1 0)
(318 79 71 2 0)
(320 78 70 2 0)
(322 76 69 2 0)
(324 72 67 1 0)
(325 76 69 1 0)
(326 76 69 1 0)
(327 74 68 1 0)
(328 74 68 2 0)
(330 74 68 2 0)
(332 76 69 1 0)
(333 72 67 1 0)
(334 71 66 2 0)
(336 67 64 3/2 0)
(675/2 67 64 1/2 0)
(338 69 65 1 0)
(339 72 67 1 0)
(340 76 69 1 0)
(341 76 69 1 0)
(342 74 68 4 0)
(346 74 68 2 0)
(348 76 69 1 0)
(349 72 67 1 0)
(350 71 66 2 0)
(352 67 64 3/2 0)
(707/2 67 64 1/2 0)
(354 69 65 1 0)
(355 72 67 1 0)
(356 74 68 1 0)
(357 74 68 1 0)
(358 67 64 4 0)
(362 67 64 1 0)
(363 69 65 1/2 0)
(727/2 71 66 1/2 0)
(364 72 67 1/2 0)
(729/2 71 66 1/2 0)
(365 69 65 1/2 0)
(731/2 69 65 1/2 0)
(366 67 64 1 0)
(367 74 68 1 0)
(368 71 66 1 0)
(369 69 65 1 0)
(370 74 68 1 0)
(371 76 69 1/2 0)
(743/2 74 68 1/2 0)
(372 72 67 3/2 0)
(747/2 72 67 1/4 0)
(1495/4 72 67 1/4 0)
(374 71 66 1/2 0)
(749/2 72 67 1/2 0)
(375 74 68 1/2 0)
(751/2 76 69 1/2 0)
(376 74 68 2 0)
(378 67 64 3/4 0)
(1515/4 67 64 1/4 0)
(379 71 66 1/2 0)
(759/2 74 68 1/2 0)
(380 79 71 1 0)
(381 78 70 1 0)
(382 76 69 3/4 0)
(1531/4 76 69 1/4 0)
(383 76 69 1/2 0)
(767/2 78 70 1/2 0)
(384 76 69 1/2 0)
(769/2 74 68 1/2 0)
(385 74 68 1 0)
(386 74 68 1 0)
(387 74 68 1/2 0)
(775/2 72 67 1/2 0)
(388 71 66 1 0)
(389 67 64 3/4 0)
(1559/4 67 64 1/4 0)
(390 69 65 1/2 0)
(781/2 69 65 1/2 0)
(391 76 69 1/2 0)
(783/2 76 69 1/2 0)
(392 74 68 2 0)
(394 74 68 1 0)
(395 76 69 1/2 0)
(791/2 72 67 1/2 0)
(396 71 66 1 0)
(397 67 64 3/4 0)
(1591/4 67 64 1/4 0)
(398 69 65 1/2 0)
(797/2 72 67 1/2 0)
(399 71 66 1/2 0)
(799/2 69 65 1/2 0)
(400 67 64 2 0)
(402 67 64 1 0)
(403 69 65 1/2 0)
(807/2 71 66 1/2 0)
(404 72 67 1/2 0)
(809/2 71 66 1/2 0)
(405 69 65 1 0)
(406 67 64 1/2 0)
(813/2 71 66 1/2 0)
(407 76 69 1/2 0)
(815/2 74 68 1/2 0)
(408 69 65 1/2 0)
(817/2 71 66 1/2 0)
(409 67 64 1 0)
(410 74 68 1 0)
(411 76 69 1/2 0)
(823/2 74 68 1/2 0)
(412 72 67 1 0)
(413 74 68 3/4 0)
(1655/4 72 67 1/4 0)
(414 71 66 1/2 0)
(829/2 69 65 1/2 0)
(415 71 66 1/2 0)
(831/2 72 67 1/2 0)
(416 74 68 1 0)
(417 67 64 3/4 0)
(1671/4 67 64 1/4 0)
(418 71 66 1/2 0)
(837/2 74 68 1/2 0)
(419 78 70 1/2 0)
(839/2 78 70 1/2 0)
(420 78 70 1 0)
(421 76 69 3/4 0)
(1687/4 76 69 1/4 0)
(422 72 67 1/2 0)
(845/2 72 67 1/2 0)
(423 74 68 1 0)
(424 74 68 1 0)
(425 74 68 1 0)
(426 76 69 1/2 0)
(853/2 72 67 1/2 0)
(427 71 66 1 0)
(428 71 66 3/4 0)
(1715/4 71 66 1/4 0)
(429 69 65 1/2 0)
(859/2 76 69 1/2 0)
(430 76 69 1/2 0)
(861/2 74 68 1/2 0)
(431 67 64 2 0)
(433 67 64 1 0)
(434 69 65 1/2 0)
(869/2 71 66 1/2 0)
(435 72 67 1/2 0)
(871/2 71 66 1/2 0)
(436 69 65 1 0)
(437 67 64 1/2 0)
(875/2 71 66 1/2 0)
(438 74 68 1/2 0)
(877/2 74 68 1/2 0)
(439 69 65 1 0)
(440 69 65 1 0)
(441 74 68 1 0)
(442 74 68 1/2 0)
(885/2 74 68 1/2 0)
(443 72 67 1 0)
(444 72 67 3/4 0)
(1779/4 72 67 1/4 0)
(445 71 66 1/2 0)
(891/2 69 65 1/2 0)
(446 71 66 1/2 0)
(893/2 72 67 1/2 0)
(447 74 68 2 0)
(449 67 64 3/4 0)
(1799/4 67 64 1/4 0)
(450 71 66 1/2 0)
(901/2 74 68 1/2 0)
(451 79 71 1 0)
(452 78 70 1 0)
(453 78 70 1/2 0)
(907/2 76 69 1/2 0)
(454 76 69 1 0)
(455 76 69 1/2 0)
(911/2 74 68 1/2 0)
(456 74 68 1 0)
(457 72 67 1 0)
(458 72 67 1/2 0)
(917/2 72 67 1/2 0)
(459 71 66 1 0)
(460 67 64 3/4 0)
(1843/4 67 64 1/4 0)
(461 69 65 1/2 0)
(923/2 72 67 1/2 0)
(462 76 69 1/2 0)
(925/2 76 69 1/2 0)
(463 74 68 2 0)
(465 74 68 1 0)
(466 72 67 1/2 0)
(933/2 72 67 1/2 0)
(467 71 66 1 0)
(468 67 64 3/4 0)
(1875/4 67 64 1/4 0)
(469 69 65 1/2 0)
(939/2 71 66 1/2 0)
(470 72 67 1/2 0)
(941/2 71 66 1/2 0)
(471 67 64 2 0)
(473 67 64 1 0)
(474 69 65 1/2 0)
(949/2 71 66 1/2 0)
(475 72 67 1 0)
(476 69 65 1 0)
(477 67 64 3/4 0)
(1911/4 71 66 1/4 0)
(478 71 66 1/2 0)
(957/2 71 66 1/2 0)
(479 69 65 1 0)
(480 69 65 1 0)
(481 74 68 1 0)
(482 76 69 1/2 0)
(965/2 74 68 1/2 0)
(483 72 67 1 0)
(484 72 67 3/4 0)
(1939/4 72 67 1/4 0)
(485 71 66 1/2 0)
(971/2 69 65 1/2 0)
(486 71 66 1/2 0)
(973/2 72 67 1/2 0)
(487 74 68 2 0)
(489 67 64 3/4 0)
(1959/4 69 65 1/4 0)
(490 71 66 1/2 0)
(981/2 74 68 1/2 0)
(491 79 71 1 0)
(492 78 70 3/4 0)
(1971/4 78 70 1/4 0)
(493 76 69 1 0)
(494 76 69 1/2 0)
(989/2 76 69 1/2 0)
(495 76 69 1/2 0)
(991/2 74 68 1/2 0)
(496 74 68 1 0)
(497 74 68 1 0)
(498 76 69 1/2 0)
(997/2 72 67 1/2 0)
(499 71 66 1 0)
(500 67 64 3/4 0)
(2003/4 67 64 1/4 0)
(501 69 65 1/2 0)
(1003/2 72 67 1/2 0)
(502 76 69 1/2 0)
(1005/2 74 68 1/2 0)
(503 67 64 2 0)
(505 60 60 1 0)
(506 62 61 1/2 0)
(1013/2 64 62 1/2 0)
(507 65 63 1 0)
(508 62 61 1 0)
(509 60 60 1/2 0)
(1019/2 64 62 1/2 0)
(510 67 64 1/2 0)
(1021/2 65 63 1/2 0)
(511 64 62 1 0)
(512 62 61 1 0)
(513 67 64 1 0)
(514 69 65 1/2 0)
(1029/2 67 64 1/2 0)
(515 65 63 1 0)
(516 67 64 1/2 0)
(1033/2 64 62 1/2 0)
(517 65 63 1/2 0)
(1035/2 67 64 1/2 0)
(518 69 65 1/2 0)
(1037/2 69 65 1/2 0)
(519 67 64 2 0)
(521 60 60 1 0)
(522 64 62 1/2 0)
(1045/2 67 64 1/2 0)
(523 72 67 1 0)
(524 71 66 1 0)
(525 69 65 1/2 0)
(1051/2 71 66 1/2 0)
(526 72 67 1/2 0)
(1053/2 71 66 1/2 0)
(527 69 65 1 0)
(528 67 64 1 0)
(529 67 64 3/4 0)
(2119/4 69 65 1/4 0)
(530 67 64 3/4 0)
(2123/4 65 63 1/4 0)
(531 64 62 1 0)
(532 60 60 1/2 0)
(1065/2 60 60 1/2 0)
(533 62 61 1/2 0)
(1067/2 65 63 1/2 0)
(534 69 65 1/2 0)
(1069/2 69 65 1/2 0)
(535 67 64 1 0)
(536 67 64 3/4 0)
(2147/4 69 65 1/4 0)
(537 67 64 3/4 0)
(2151/4 65 63 1/4 0)
(538 64 62 1 0)
(539 60 60 1/2 0)
(1079/2 60 60 1/2 0)
(540 62 61 1/2 0)
(1081/2 64 62 1/2 0)
(541 65 63 1/2 0)
(1083/2 62 61 1/2 0)
(542 60 60 1 0)
(543 67 64 1 0)
(544 69 65 1/2 0)
(1089/2 71 66 1/2 0)
(545 72 67 3/2 0)
(1093/2 69 65 1/2 0)
(547 71 66 1 0)
(548 74 68 1 0)
(549 71 66 1 0)
(550 69 65 1 0)
(551 74 68 1 0)
(552 76 69 1/2 0)
(1105/2 74 68 1/2 0)
(553 72 67 1 0)
(554 72 67 1 0)
(555 71 66 1/2 0)
(1111/2 74 68 1/2 0)
(556 76 69 1/2 0)
(1113/2 76 69 1/2 0)
(557 74 68 2 0)
(559 74 68 3/4 0)
(2239/4 74 68 1/4 0)
(560 76 69 1/2 0)
(1121/2 78 70 1/2 0)
(561 79 71 1 0)
(562 79 71 1 0)
(563 78 70 1/2 0)
(1127/2 76 69 1/2 0)
(564 79 71 1/2 0)
(1129/2 78 70 1/2 0)
(565 76 69 1 0)
(566 74 68 1 0)
(567 74 68 1 0)
(568 74 68 3/4 0)
(2275/4 72 67 1/4 0)
(569 71 66 1 0)
(570 71 66 3/4 0)
(2283/4 71 66 1/4 0)
(571 72 67 1/2 0)
(1143/2 74 68 1/2 0)
(572 76 69 1/2 0)
(1145/2 76 69 1/2 0)
(573 74 68 2 0)
(575 74 68 1 0)
(576 74 68 3/4 0)
(2307/4 72 67 1/4 0)
(577 71 66 1 0)
(578 71 66 3/4 0)
(2315/4 71 66 1/4 0)
(579 69 65 1/2 0)
(1159/2 72 67 1/2 0)
(580 71 66 1/2 0)
(1161/2 69 65 1/2 0)
(581 67 64 2 0)
(583 67 64 1 0)
(584 69 65 1/2 0)
(1169/2 71 66 1/2 0)
(585 72 67 1 0)
(586 69 65 1 0)
(587 67 64 3/4 0)
(2351/4 67 64 1/4 0)
(588 71 66 1/2 0)
(1177/2 71 66 1/2 0)
(589 69 65 1 0)
(590 69 65 1 0)
(591 74 68 1 0)
(592 74 68 1/2 0)
(1185/2 76 69 1/2 0)
(593 74 68 3/2 0)
(1189/2 72 67 1/4 0)
(2379/4 72 67 1/4 0)
(595 71 66 1/2 0)
(1191/2 74 68 1/2 0)
(596 76 69 1/2 0)
(1193/2 76 69 1/2 0)
(597 74 68 2 0)
(599 67 64 1 0)
(600 71 66 1/2 0)
(1201/2 74 68 1/2 0)
(601 79 71 1 0)
(602 78 70 1 0)
(603 76 69 1/2 0)
(1207/2 74 68 1/2 0)
(604 78 70 1/2 0)
(1209/2 78 70 1/2 0)
(605 76 69 1 0)
(606 74 68 1 0)
(607 74 68 1 0)
(608 74 68 1/2 0)
(1217/2 72 67 1/2 0)
(609 71 66 1 0)
(610 67 64 3/4 0)
(2443/4 67 64 1/4 0)
(611 69 65 1/2 0)
(1223/2 72 67 1/2 0)
(612 76 69 1/2 0)
(1225/2 76 69 1/2 0)
(613 74 68 2 0)
(615 74 68 1 0)
(616 74 68 1/2 0)
(1233/2 72 67 1/2 0)
(617 71 66 1 0)
(618 67 64 3/4 0)
(2475/4 67 64 1/4 0)
(619 69 65 1/2 0)
(1239/2 72 67 1/2 0)
(620 71 66 1/2 0)
(1241/2 69 65 1/2 0)
(621 67 64 2 0)
(623 67 64 2 0)
(625 69 65 1 0)
(626 71 66 1 0)
(627 72 67 1 0)
(628 71 66 1 0)
(629 69 65 2 0)
(631 67 64 1 0)
(632 71 66 1 0)
(633 74 68 3/2 0)
(1269/2 72 67 1/2 0)
(635 71 66 2 0)
(637 69 65 2 0)
(639 74 68 3/2 0)
(1281/2 74 68 1/2 0)
(641 76 69 1 0)
(642 74 68 1 0)
(643 72 67 3 0)
(646 72 67 1 0)
(647 71 66 1 0)
(648 74 68 1 0)
(649 76 69 3/2 0)
(1301/2 76 69 1/2 0)
(651 74 68 4 0)
(655 74 68 3/2 0)
(1313/2 74 68 1/2 0)
(657 76 69 1 0)
(658 78 70 1 0)
(659 79 71 2 0)
(661 78 70 3/2 0)
(1325/2 78 70 1/2 0)
(663 76 69 3/2 0)
(1329/2 74 68 1/2 0)
(665 76 69 1 0)
(666 78 70 1 0)
(667 76 69 2 0)
(669 74 68 2 0)
(671 74 68 2 0)
(673 74 68 1 0)
(674 72 67 1 0)
(675 71 66 2 0)
(677 67 64 3/2 0)
(1357/2 71 66 1/2 0)
(679 72 67 1 0)
(680 74 68 1 0)
(681 76 69 3/2 0)
(1365/2 76 69 1/2 0)
(683 74 68 4 0)
(687 74 68 2 0)
(689 74 68 1 0)
(690 72 67 1 0)
(691 71 66 1 0)
(692 74 68 1 0)
(693 67 64 3/2 0)
(1389/2 67 64 1/2 0)
(695 69 65 1 0)
(696 71 66 1 0)
(697 72 67 3/2 0)
(1397/2 69 65 1/2 0)
(699 67 64 4 0)
(703 71 66 1/2 0)
(1407/2 71 66 1/2 0)
(704 69 65 1/2 0)
(1409/2 67 64 1/2 0)
(705 67 64 1/2 0)
(1411/2 67 64 1/2 0)
(706 71 66 1/2 0)
(1413/2 74 68 1/2 0)
(707 72 67 1/2 0)
(1415/2 71 66 1/2 0)
(708 69 65 2 0)
(710 74 68 1/2 0)
(1421/2 76 69 1/2 0)
(711 74 68 1/2 0)
(1423/2 72 67 1/2 0)
(712 72 67 1/4 0)
(2849/4 72 67 1/4 0)
(1425/2 72 67 1/2 0)
(713 74 68 1/2 0)
(1427/2 76 69 1/2 0)
(714 76 69 1/2 0)
(1429/2 74 68 2 0)
(1433/2 67 64 1/2 0)
(717 67 64 1/2 0)
(1435/2 74 68 1/2 0)
(718 79 71 1/2 0)
(1437/2 78 70 1/2 0)
(719 76 69 1/2 0)
(1439/2 78 70 1/2 0)
(720 79 71 1/4 0)
(2881/4 79 71 1/4 0)
(1441/2 76 69 1/2 0)
(721 76 69 1/2 0)
(1443/2 74 68 2 0)
(1447/2 74 68 1/2 0)
(724 74 68 1/2 0)
(1449/2 72 67 1/2 0)
(725 71 66 1/2 0)
(1451/2 71 66 1/4 0)
(2903/4 71 66 1/4 0)
(726 71 66 1/2 0)
(1453/2 72 67 1/2 0)
(727 76 69 1/2 0)
(1455/2 76 69 1/2 0)
(728 74 68 2 0)
(730 74 68 1/2 0)
(1461/2 74 68 1/2 0)
(731 72 67 1/2 0)
(1463/2 71 66 1/2 0)
(732 67 64 1/4 0)
(2929/4 67 64 1/4 0)
(1465/2 69 65 1/2 0)
(733 71 66 1/2 0)
(1467/2 72 67 1/2 0)
(734 71 66 1/2 0)
(1469/2 67 64 2 0)
