(0 60 60 1 0)
(1 72 67 3/2 0)
(5/2 74 68 1/2 0)
(3 72 67 1 0)
(4 71 66 3/2 0)
(11/2 69 65 1/2 0)
(6 67 64 1/2 0)
(13/2 69 65 1/2 0)
(7 71 66 1 0)
(8 69 65 1 0)
(9 60 60 1 0)
(10 72 67 3/2 0)
(23/2 74 68 1/2 0)
(12 72 67 1 0)
(13 71 66 3/2 0)
(29/2 69 65 1/2 0)
(15 67 64 1/2 0)
(31/2 69 65 1/2 0)
(16 71 66 1 0)
(17 69 65 1 0)
(18 71 66 1/2 0)
(37/2 69 65 1/2 0)
(19 67 64 1 0)
(20 67 64 1 0)
(21 69 65 1 0)
(22 69 65 1 0)
(23 74 68 1/2 0)
(47/2 74 68 1/2 0)
(24 71 66 1/2 0)
(49/2 69 65 1/2 0)
(25 67 64 1 0)
(26 69 65 1 0)
(27 71 66 2 0)
(29 69 65 1 0)
(30 71 66 1 0)
(31 67 64 1 0)
(32 62 61 1/2 0)
(65/2 62 61 1/2 0)
(33 71 66 2 0)
(35 74 68 1 0)
(36 72 67 1 0)
(37 71 66 3/2 0)
(77/2 69 65 1/2 0)
(39 67 64 1/2 0)
(79/2 69 65 1/2 0)
(40 71 66 1 0)
(41 69 65 2 0)
(43 62 61 1/2 0)
(87/2 62 61 1/2 0)
(44 71 66 2 0)
(46 74 68 1 0)
(47 72 67 1 0)
(48 71 66 3/2 0)
(99/2 69 65 1/2 0)
(50 67 64 1/2 0)
(101/2 69 65 1/2 0)
(51 71 66 1 0)
(52 69 65 1 0)
(53 72 67 1 0)
(54 71 66 1/2 0)
(109/2 69 65 1/2 0)
(55 67 64 1 0)
(56 67 64 1/2 0)
(113/2 67 64 1/2 0)
(57 69 65 1 0)
(58 76 69 1 0)
(59 74 68 3 0)
(62 67 64 1/2 0)
(125/2 67 64 1/2 0)
(63 69 65 1 0)
(64 72 67 1/2 0)
(129/2 72 67 1/2 0)
(65 71 66 1 0)
(66 69 65 1 0)
(67 67 64 3 0)
(70 62 61 1 0)
(71 72 67 3/2 0)
(145/2 74 68 1/2 0)
(73 72 67 1 0)
(74 71 66 3/2 0)
(151/2 69 65 1/2 0)
(76 67 64 1/2 0)
(153/2 69 65 1/2 0)
(77 71 66 1 0)
(78 69 65 4 0)
(82 62 61 1 0)
(83 72 67 3/2 0)
(169/2 74 68 1/2 0)
(85 72 67 1 0)
(86 71 66 3/2 0)
(175/2 69 65 1/2 0)
(88 67 64 1/2 0)
(177/2 69 65 1/2 0)
(89 71 66 1 0)
(90 69 65 4 0)
(94 71 66 1/2 0)
(189/2 69 65 1/2 0)
(95 67 64 1/2 0)
(191/2 67 64 1/2 0)
(96 67 64 1/2 0)
(193/2 67 64 1/2 0)
(97 69 65 1 0)
(98 76 69 1 0)
(99 74 68 2 0)
(101 67 64 1/2 0)
(203/2 66 63 1/2 0)
(102 64 62 1/2 0)
(205/2 72 67 1/2 0)
(103 72 67 1/2 0)
(207/2 72 67 1/2 0)
(104 74 68 1 0)
(105 72 67 1 0)
(106 71 66 3 0)
(109 62 61 1 0)
(110 72 67 3/2 0)
(223/2 72 67 1/2 0)
(112 72 67 1 0)
(113 71 66 2 0)
(115 67 64 1/2 0)
(231/2 67 64 1/2 0)
(116 71 66 1 0)
(117 69 65 1 0)
(118 62 61 1/2 0)
(237/2 62 61 1/2 0)
(119 72 67 3/2 0)
(241/2 72 67 1/2 0)
(121 72 67 1 0)
(122 71 66 2 0)
(124 67 64 1/2 0)
(249/2 67 64 1/2 0)
(125 71 66 1 0)
(126 69 65 1 0)
(127 71 66 1/2 0)
(255/2 69 65 1/2 0)
(128 67 64 1 0)
(129 67 64 1/2 0)
(259/2 67 64 1/2 0)
(130 69 65 1 0)
(131 69 65 1/2 0)
(263/2 69 65 1/2 0)
(132 74 68 1 0)
(133 71 66 1/2 0)
(267/2 69 65 1/2 0)
(134 67 64 1 0)
(135 67 64 1/2 0)
(271/2 69 65 1/2 0)
(136 71 66 2 0)
(138 69 65 3/2 0)
(279/2 66 63 1/2 0)
(140 67 64 2 0)
(142 62 61 1 0)
(143 72 67 3/2 0)
(289/2 74 68 1/2 0)
(145 72 67 1 0)
(146 71 66 3/2 0)
(295/2 69 65 1/2 0)
(148 67 64 1/2 0)
(297/2 69 65 1/2 0)
(149 71 66 1 0)
(150 69 65 1 0)
(151 62 61 1 0)
(152 72 67 3/2 0)
(307/2 74 68 1/2 0)
(154 72 67 1 0)
(155 71 66 3/2 0)
(313/2 69 65 1/2 0)
(157 67 64 1/2 0)
(315/2 69 65 1/2 0)
(158 71 66 1 0)
(159 69 65 1 0)
(160 71 66 1/2 0)
(321/2 69 65 1/2 0)
(161 67 64 1 0)
(162 67 64 1/2 0)
(325/2 67 64 1/2 0)
(163 69 65 1 0)
(164 69 65 1 0)
(165 74 68 1 0)
(166 71 66 1/2 0)
(333/2 69 65 1/2 0)
(167 67 64 1 0)
(168 69 65 1/2 0)
(337/2 72 67 1/2 0)
(169 71 66 2 0)
(171 69 65 2 0)
(173 67 64 1 0)
(174 62 61 1 0)
(175 72 67 2 0)
(177 71 66 3/2 0)
(357/2 69 65 1/2 0)
(179 67 64 1/2 0)
(359/2 67 64 1/4 0)
(719/4 67 64 1/4 0)
(180 67 64 1/2 0)
(361/2 69 65 1/2 0)
(181 71 66 1 0)
(182 69 65 1 0)
(183 62 61 1 0)
(184 72 67 2 0)
(186 71 66 3/2 0)
(375/2 69 65 1/2 0)
(188 67 64 1/2 0)
(377/2 67 64 1/4 0)
(755/4 67 64 1/4 0)
(189 67 64 1/2 0)
(379/2 69 65 1/2 0)
(190 71 66 1 0)
(191 69 65 1 0)
(192 71 66 1/2 0)
(385/2 69 65 1/2 0)
(193 67 64 1 0)
(194 71 66 1/2 0)
(389/2 69 65 1/2 0)
(195 67 64 1 0)
(196 76 69 1 0)
(197 74 68 3/2 0)
(397/2 72 67 1/2 0)
(199 71 66 1/2 0)
(399/2 69 65 1/2 0)
(200 67 64 1/2 0)
(401/2 69 65 1/2 0)
(201 71 66 1/2 0)
(403/2 72 67 1/2 0)
(202 71 66 1 0)
(203 69 65 1 0)
(204 67 64 1 0)
(205 62 61 1 0)
(206 72 67 3/2 0)
(415/2 74 68 1/2 0)
(208 71 66 3/2 0)
(419/2 69 65 1/2 0)
(210 67 64 1/2 0)
(421/2 69 65 1/2 0)
(211 71 66 1 0)
(212 69 65 1 0)
(213 62 61 1 0)
(214 72 67 3/2 0)
(431/2 74 68 1/2 0)
(216 71 66 3/2 0)
(435/2 69 65 1/2 0)
(218 67 64 1/2 0)
(437/2 69 65 1/2 0)
(219 71 66 1 0)
(220 69 65 1 0)
(221 71 66 1/2 0)
(443/2 69 65 1/2 0)
(222 67 64 1 0)
(223 67 64 1 0)
(224 69 65 1 0)
(225 69 65 1 0)
(226 74 68 1 0)
(227 71 66 1/2 0)
(455/2 69 65 1/2 0)
(228 67 64 1 0)
(229 69 65 1 0)
(230 71 66 2 0)
(232 69 65 2 0)
(234 67 64 2 0)
(236 72 67 3/2 0)
(475/2 74 68 1/2 0)
(238 72 67 1 0)
(239 71 66 2 0)
(241 67 64 1/2 0)
(483/2 69 65 1/2 0)
(242 71 66 1 0)
(243 69 65 1 0)
(244 71 66 1/2 0)
(489/2 69 65 1/2 0)
(245 67 64 1 0)
(246 67 64 1/2 0)
(493/2 67 64 1/2 0)
(247 69 65 1 0)
(248 69 65 1 0)
(249 74 68 1/2 0)
(499/2 72 67 1/2 0)
(250 71 66 1/2 0)
(501/2 69 65 1/2 0)
(251 67 64 1 0)
(252 62 61 1/2 0)
(505/2 62 61 1/2 0)
(253 71 66 2 0)
(255 69 65 2 0)
(257 67 64 3 0)
(260 62 61 1 0)
(261 71 66 2 0)
(263 74 68 1 0)
(264 72 67 1 0)
(265 71 66 3/2 0)
(533/2 69 65 1/2 0)
(267 67 64 1/2 0)
(535/2 69 65 1/2 0)
(268 71 66 1 0)
(269 69 65 2 0)
(271 71 66 1/2 0)
(543/2 69 65 1/2 0)
(272 67 64 1 0)
(273 67 64 1/2 0)
(547/2 67 64 1/2 0)
(274 69 65 1 0)
(275 76 69 1 0)
(276 74 68 3 0)
(279 67 64 1/2 0)
(559/2 67 64 1/2 0)
(280 69 65 1 0)
(281 72 67 1/2 0)
(563/2 72 67 1/2 0)
(282 71 66 1 0)
(283 69 65 1 0)
(284 67 64 3 0)
(287 62 61 1 0)
(288 72 67 3/2 0)
(579/2 74 68 1/2 0)
(290 72 67 1 0)
(291 71 66 3/2 0)
(585/2 69 65 1/2 0)
(293 67 64 1/2 0)
(587/2 69 65 1/2 0)
(294 71 66 1 0)
(295 69 65 1 0)
(296 62 61 1 0)
(297 72 67 3/2 0)
(597/2 74 68 1/2 0)
(299 72 67 1 0)
(300 71 66 3/2 0)
(603/2 69 65 1/2 0)
(302 67 64 1/2 0)
(605/2 69 65 1/2 0)
(303 71 66 1 0)
(304 69 65 1 0)
(305 71 66 1/2 0)
(611/2 69 65 1/2 0)
(306 67 64 1 0)
(307 67 64 1/2 0)
(615/2 67 64 1/2 0)
(308 69 65 1 0)
(309 76 69 1 0)
(310 74 68 2 0)
(312 71 66 1/2 0)
(625/2 71 66 1/2 0)
(313 69 65 1 0)
(314 72 67 1/2 0)
(629/2 72 67 1/2 0)
(315 71 66 1 0)
(316 69 65 1 0)
(317 67 64 1 0)
(318 60 60 1 0)
(319 70 66 3/2 0)
(641/2 72 67 1/2 0)
(321 69 65 3/2 0)
(645/2 67 64 1/2 0)
(323 65 63 1/2 0)
(647/2 67 64 1/2 0)
(324 69 65 1 0)
(325 67 64 1 0)
(326 69 65 1/2 0)
(653/2 67 64 1/2 0)
(327 65 63 1 0)
(328 65 63 1/2 0)
(657/2 65 63 1/2 0)
(329 67 64 1 0)
(330 74 68 1 0)
(331 72 67 2 0)
(333 69 65 1/2 0)
(667/2 69 65 1/2 0)
(334 67 64 1 0)
(335 70 66 1/2 0)
(671/2 70 66 1/2 0)
(336 69 65 1 0)
(337 67 64 1 0)
(338 65 63 1 0)
(339 62 61 1 0)
(340 72 67 3/2 0)
(683/2 74 68 1/2 0)
(342 72 67 1 0)
(343 71 66 3/2 0)
(689/2 69 65 1/2 0)
(345 67 64 1/2 0)
(691/2 69 65 1/2 0)
(346 71 66 1 0)
(347 69 65 1 0)
(348 62 61 1 0)
(349 72 67 3/2 0)
(701/2 74 68 1/2 0)
(351 72 67 1 0)
(352 71 66 3/2 0)
(707/2 69 65 1/2 0)
(354 67 64 1/2 0)
(709/2 69 65 1/2 0)
(355 71 66 1 0)
(356 69 65 1 0)
(357 71 66 1/2 0)
(715/2 69 65 1/2 0)
(358 67 64 1 0)
(359 71 66 1/2 0)
(719/2 69 65 1/2 0)
(360 67 64 1 0)
(361 76 69 1 0)
(362 74 68 3/2 0)
(727/2 72 67 1/2 0)
(364 71 66 1/2 0)
(729/2 69 65 1/2 0)
(365 67 64 1/2 0)
(731/2 69 65 1/2 0)
(366 71 66 1/2 0)
(733/2 72 67 1/2 0)
(367 71 66 1 0)
(368 69 65 1 0)
(369 67 64 1 0)
(370 60 60 1 0)
(371 72 67 3/2 0)
(745/2 74 68 1/2 0)
(373 72 67 1 0)
(374 71 66 2 0)
(376 67 64 1 0)
(377 71 66 1 0)
(378 69 65 1 0)
(379 71 66 1/2 0)
(759/2 69 65 1/2 0)
(380 67 64 1 0)
(381 67 64 1 0)
(382 69 65 1 0)
(383 69 65 1 0)
(384 74 68 1/2 0)
(769/2 74 68 1/2 0)
(385 71 66 1/2 0)
(771/2 69 65 1/2 0)
(386 67 64 1 0)
(387 69 65 1 0)
(388 71 66 2 0)
(390 69 65 2 0)
(392 67 64 1 0)
(393 60 60 1 0)
(394 72 67 3/2 0)
(791/2 74 68 1/2 0)
(396 72 67 1 0)
(397 71 66 3/2 0)
(797/2 69 65 1/2 0)
(399 67 64 1 0)
(400 71 66 1 0)
(401 69 65 1 0)
(402 60 60 1 0)
(403 72 67 3/2 0)
(809/2 74 68 1/2 0)
(405 72 67 1 0)
(406 71 66 3/2 0)
(815/2 69 65 1/2 0)
(408 67 64 1 0)
(409 71 66 1 0)
(410 69 65 1 0)
(411 71 66 1/2 0)
(823/2 69 65 1/2 0)
(412 67 64 1 0)
(413 67 64 1 0)
(414 69 65 1 0)
(415 69 65 1 0)
(416 74 68 1 0)
(417 71 66 1/2 0)
(835/2 69 65 1/2 0)
(418 67 64 1 0)
(419 69 65 1 0)
(420 71 66 2 0)
(422 69 65 2 0)
(424 67 64 1 0)
(425 62 61 1 0)
(426 72 67 3/2 0)
(855/2 74 68 1/2 0)
(428 72 67 1 0)
(429 71 66 3/2 0)
(861/2 69 65 1/2 0)
(431 67 64 1 0)
(432 71 66 1 0)
(433 69 65 1 0)
(434 62 61 1 0)
(435 72 67 3/2 0)
(873/2 74 68 1/2 0)
(437 72 67 1 0)
(438 71 66 3/2 0)
(879/2 69 65 1/2 0)
(440 67 64 1 0)
(441 71 66 1 0)
(442 69 65 1 0)
(443 71 66 1/2 0)
(887/2 69 65 1/2 0)
(444 67 64 1 0)
(445 67 64 1 0)
(446 69 65 1 0)
(447 69 65 1 0)
(448 74 68 1/2 0)
(897/2 72 67 1/2 0)
(449 71 66 1/2 0)
(899/2 69 65 1/2 0)
(450 67 64 1 0)
(451 62 61 1 0)
(452 71 66 2 0)
(454 69 65 2 0)
(456 67 64 1 0)
