(0 67 64 1/2 0)
(1/2 71 66 1/2 0)
(1 74 68 3/2 0)
(5/2 74 68 1/2 0)
(3 72 67 1/2 0)
(7/2 71 66 1/2 0)
(4 76 69 1/2 0)
(9/2 74 68 1/2 0)
(5 71 66 5/2 0)
(15/2 74 68 1/2 0)
(8 74 68 1/4 0)
(33/4 74 68 1/4 0)
(17/2 74 68 1/2 0)
(9 69 65 1 0)
(10 74 68 1 0)
(11 74 68 1 0)
(12 76 69 1/2 0)
(25/2 74 68 1/2 0)
(13 71 66 1 0)
(14 67 64 2 0)
(16 67 64 1 0)
(17 76 69 3/2 0)
(37/2 76 69 1/2 0)
(19 76 69 1/2 0)
(39/2 78 70 1/2 0)
(20 79 71 1/2 0)
(41/2 76 69 1/2 0)
(21 74 68 2 0)
(23 74 68 1 0)
(24 72 67 1/2 0)
(49/2 71 66 1/2 0)
(25 71 66 1/2 0)
(51/2 69 65 1/2 0)
(26 76 69 1/2 0)
(53/2 74 68 1/2 0)
(27 67 64 1 0)
(28 69 65 1 0)
(29 71 66 2 0)
(31 74 68 1 0)
(32 76 69 1/2 0)
(65/2 78 70 1/2 0)
(33 79 71 1/2 0)
(67/2 78 70 1/2 0)
(34 76 69 1/2 0)
(69/2 76 69 1/2 0)
(35 74 68 1 0)
(36 69 65 1 0)
(37 67 64 1 0)
(38 63 62 1/2 0)
(77/2 67 64 1/2 0)
(39 70 66 3/2 0)
(81/2 70 66 1/2 0)
(41 68 65 3/4 0)
(167/4 67 64 1/4 0)
(42 68 65 1/2 0)
(85/2 70 66 1/2 0)
(43 67 64 2 0)
(45 67 64 1/2 0)
(91/2 70 66 1/2 0)
(46 67 64 1/2 0)
(93/2 65 63 1 0)
(95/2 65 63 1 0)
(97/2 67 64 1/2 0)
(49 65 63 1/2 0)
(99/2 63 62 3/4 0)
(201/4 65 63 1/4 0)
(101/2 67 64 1 0)
(103/2 63 62 1 0)
(105/2 67 64 1/2 0)
(53 67 64 1/2 0)
(107/2 67 64 1/2 0)
(54 65 63 1 0)
(55 70 66 1 0)
(56 74 68 3/2 0)
(115/2 72 67 1/2 0)
(58 70 66 3/2 0)
(119/2 70 66 1 0)
(121/2 70 66 3/4 0)
(245/4 70 66 1/4 0)
(123/2 70 66 1/2 0)
(62 70 66 1/2 0)
(125/2 67 64 1/2 0)
(63 63 62 1/2 0)
(127/2 65 63 2 0)
(131/2 58 59 1/2 0)
(66 65 63 1/2 0)
(133/2 63 62 1/2 0)
(67 65 63 1/2 0)
(135/2 67 64 3/2 0)
(69 67 64 1/2 0)
(139/2 68 65 1 0)
(141/2 72 67 1 0)
(143/2 65 63 2 0)
(147/2 70 66 1/2 0)
(74 70 66 1/2 0)
(149/2 68 65 1/2 0)
(75 67 64 3/2 0)
(153/2 67 64 1/2 0)
(77 68 65 1 0)
(78 72 67 1 0)
(79 70 66 3/2 0)
(161/2 68 65 1/2 0)
(81 67 64 1 0)
(82 63 62 1 0)
(83 72 67 3/2 0)
(169/2 72 67 1/2 0)
(85 72 67 1/2 0)
(171/2 74 68 1/2 0)
(86 75 69 1/2 0)
(173/2 72 67 1/2 0)
(87 70 66 3/2 0)
(177/2 70 66 1 0)
(179/2 68 65 1/2 0)
(90 67 64 1/2 0)
(181/2 67 64 1/2 0)
(91 65 63 1/2 0)
(183/2 68 65 1/2 0)
(92 65 63 1/2 0)
(185/2 63 62 1 0)
(187/2 65 63 1 0)
(189/2 67 64 1 0)
(191/2 70 66 1 0)
(193/2 72 67 1/2 0)
(97 74 68 1/2 0)
(195/2 75 69 1/2 0)
(98 75 69 1/2 0)
(197/2 72 67 1/2 0)
(99 68 65 1/2 0)
(199/2 67 64 1 0)
(201/2 65 63 1 0)
(203/2 63 62 1 0)
(205/2 63 62 1/2 0)
(103 67 64 1/2 0)
(207/2 70 66 3/2 0)
(105 70 66 1/2 0)
(211/2 72 67 1/2 0)
(106 70 66 1/2 0)
(213/2 68 65 3/4 0)
(429/4 70 66 1/4 0)
(215/2 67 64 1 0)
(217/2 70 66 1/2 0)
(109 67 64 1/2 0)
(219/2 65 63 1 0)
(221/2 65 63 1 0)
(223/2 67 64 1/2 0)
(112 65 63 1/2 0)
(225/2 63 62 1/2 0)
(113 65 63 1/2 0)
(227/2 67 64 1 0)
(229/2 63 62 1 0)
(231/2 70 66 1/2 0)
(116 70 66 1/2 0)
(233/2 67 64 1/2 0)
(117 65 63 1 0)
(118 70 66 1 0)
(119 74 68 1 0)
(120 72 67 1 0)
(121 70 66 2 0)
(123 63 62 1 0)
(124 63 62 3/4 0)
(499/4 67 64 1/4 0)
(125 70 66 1/2 0)
(251/2 70 66 1/2 0)
(126 67 64 1/2 0)
(253/2 63 62 1/2 0)
(127 65 63 3/2 0)
(257/2 62 61 1/2 0)
(129 58 59 2 0)
(131 65 63 1/2 0)
(263/2 65 63 1/2 0)
(132 65 63 1/2 0)
(265/2 67 64 3/2 0)
(134 67 64 1/4 0)
(537/4 70 66 1/4 0)
(269/2 68 65 3/2 0)
(136 67 64 1/2 0)
(273/2 65 63 2 0)
(277/2 70 66 1/2 0)
(139 69 65 1/2 0)
(279/2 68 65 1/2 0)
(140 67 64 1 0)
(141 67 64 1 0)
(142 68 65 1 0)
(143 72 67 1 0)
(144 70 66 3/2 0)
(291/2 68 65 1/2 0)
(146 67 64 1 0)
(147 63 62 1 0)
(148 72 67 3/2 0)
(299/2 72 67 1/2 0)
(150 72 67 1/2 0)
(301/2 74 68 1/2 0)
(151 75 69 1/2 0)
(303/2 72 67 1/2 0)
(152 70 66 2 0)
(154 70 66 1 0)
(155 68 65 3/4 0)
(623/4 67 64 1/4 0)
(156 67 64 1/2 0)
(313/2 65 63 1/2 0)
(157 68 65 1/2 0)
(315/2 65 63 1/2 0)
(158 63 62 1 0)
(159 65 63 1 0)
(160 67 64 2 0)
(162 70 66 1 0)
(163 72 67 1/2 0)
(327/2 74 68 1/2 0)
(164 75 69 1/2 0)
(329/2 75 69 1/2 0)
(165 72 67 1/2 0)
(331/2 68 65 1/2 0)
(166 67 64 1 0)
(167 65 63 1 0)
(168 63 62 2 0)
(170 67 64 1/2 0)
(341/2 71 66 1/2 0)
(171 74 68 1/2 0)
(343/2 71 66 1/2 0)
(172 76 69 1/2 0)
(345/2 74 68 1/2 0)
(173 69 65 3/4 0)
(695/4 69 65 1/4 0)
(174 72 67 1/2 0)
(349/2 71 66 1/2 0)
(175 67 64 5/2 0)
(355/2 71 66 1/2 0)
(178 74 68 1/2 0)
(357/2 71 66 1/2 0)
(179 69 65 1 0)
(180 74 68 1 0)
(181 74 68 1/2 0)
(363/2 74 68 1/2 0)
(182 71 66 1/2 0)
(365/2 69 65 1/2 0)
(183 67 64 2 0)
(185 76 69 1 0)
(186 76 69 3/2 0)
(375/2 74 68 1/2 0)
(188 76 69 1/2 0)
(377/2 79 71 1/2 0)
(189 78 70 1 0)
(190 76 69 1 0)
(191 74 68 2 0)
(193 76 69 1 0)
(194 74 68 3/4 0)
(779/4 72 67 1/4 0)
(195 71 66 1/2 0)
(391/2 69 65 1/2 0)
(196 71 66 1/2 0)
(393/2 72 67 1/2 0)
(197 71 66 1 0)
(198 69 65 1 0)
(199 67 64 2 0)
(201 74 68 1 0)
(202 76 69 1/2 0)
(405/2 78 70 1/2 0)
(203 79 71 1/2 0)
(407/2 78 70 1/2 0)
(204 74 68 1/2 0)
(409/2 69 65 1/2 0)
(205 72 67 1 0)
(206 71 66 1 0)
(207 67 64 1 0)
(208 67 64 1/2 0)
(417/2 67 64 1 0)
(419/2 71 66 1/2 0)
(210 74 68 5/2 0)
(425/2 74 68 1/2 0)
(213 72 67 1 0)
(214 74 68 1/2 0)
(429/2 71 66 5/2 0)
(217 74 68 1/2 0)
(435/2 74 68 1 0)
(437/2 71 66 1/2 0)
(219 69 65 5/2 0)
(443/2 71 66 1/2 0)
(222 72 67 1 0)
(223 71 66 1/2 0)
(447/2 72 67 1 0)
(449/2 74 68 1/2 0)
(225 76 69 3/2 0)
(453/2 74 68 5/2 0)
(229 67 64 1/2 0)
(459/2 67 64 1 0)
(461/2 67 64 1/2 0)
(231 76 69 5/2 0)
(467/2 76 69 1/2 0)
(234 76 69 1 0)
(235 76 69 1/2 0)
(471/2 78 70 1 0)
(473/2 76 69 1/2 0)
(237 74 68 3 0)
(240 74 68 3/2 0)
(483/2 74 68 1 0)
(485/2 72 67 1/2 0)
(243 71 66 1 0)
(244 74 68 1/2 0)
(489/2 72 67 1 0)
(491/2 69 65 1/2 0)
(246 67 64 3/2 0)
(495/2 71 66 3/2 0)
(249 74 68 1 0)
(250 74 68 1/2 0)
(501/2 67 64 1 0)
(503/2 71 66 1/2 0)
(252 74 68 5/2 0)
(509/2 74 68 1/2 0)
(255 72 67 1 0)
(256 71 66 1/2 0)
(513/2 72 67 1 0)
(515/2 74 68 1/2 0)
(258 71 66 5/2 0)
(521/2 74 68 1/2 0)
(261 74 68 1 0)
(262 71 66 1/2 0)
(525/2 69 65 5/2 0)
(265 71 66 1/2 0)
(531/2 72 67 1 0)
(533/2 71 66 1/2 0)
(267 72 67 1 0)
(268 74 68 1/2 0)
(537/2 76 69 3/2 0)
(270 74 68 3/2 0)
(543/2 67 64 1 0)
(545/2 67 64 1/2 0)
(273 76 69 5/2 0)
(551/2 76 69 1/2 0)
(276 76 69 1 0)
(277 78 70 1/2 0)
(555/2 79 71 1/2 0)
(278 79 71 1/2 0)
(557/2 76 69 1/2 0)
(279 74 68 3 0)
(282 74 68 3/2 0)
(567/2 74 68 1 0)
(569/2 72 67 1/2 0)
(285 71 66 1/2 0)
(571/2 71 66 1/2 0)
(286 74 68 1/2 0)
(573/2 72 67 1 0)
(575/2 69 65 1/2 0)
(288 67 64 3/2 0)
(579/2 71 66 3/2 0)
(291 74 68 3 0)
(294 76 69 3/2 0)
(591/2 76 69 1 0)
(593/2 78 70 1/2 0)
(297 79 71 1/2 0)
(595/2 79 71 1/2 0)
(298 79 71 1/2 0)
(597/2 71 66 1 0)
(599/2 72 67 1/2 0)
(300 74 68 3/2 0)
(603/2 69 65 3/2 0)
(303 67 64 1 0)
(304 67 64 1/2 0)
(609/2 71 66 1/2 0)
(305 74 68 3/2 0)
(613/2 74 68 1/2 0)
(307 71 66 1/2 0)
(615/2 76 69 1/2 0)
(308 74 68 1/2 0)
(617/2 72 67 1/2 0)
(309 71 66 3/2 0)
(621/2 71 66 1/2 0)
(311 76 69 1/2 0)
(623/2 74 68 1/2 0)
(312 69 65 1 0)
(313 74 68 1 0)
(314 74 68 1 0)
(315 76 69 1/2 0)
(631/2 74 68 1/2 0)
(316 71 66 1/2 0)
(633/2 69 65 1/2 0)
(317 67 64 1/2 0)
(635/2 72 67 1/2 0)
(318 71 66 1/2 0)
(637/2 71 66 1/2 0)
(319 67 64 1 0)
(320 74 68 1 0)
(321 76 69 1 0)
(322 78 70 1/2 0)
(645/2 76 69 1/2 0)
(323 74 68 4 0)
(327 74 68 1 0)
(328 72 67 1/2 0)
(657/2 71 66 1/2 0)
(329 76 69 1/2 0)
(659/2 74 68 1/2 0)
(330 72 67 1/2 0)
(661/2 69 65 1/2 0)
(331 67 64 1 0)
(332 69 65 1 0)
(333 71 66 2 0)
(335 74 68 1 0)
(336 76 69 1/2 0)
(673/2 78 70 1/2 0)
(337 79 71 1/2 0)
(675/2 74 68 1/2 0)
(338 74 68 1/2 0)
(677/2 72 67 1/2 0)
(339 71 66 1 0)
(340 69 65 1 0)
(341 67 64 1 0)
(342 67 64 1/2 0)
(685/2 71 66 1/2 0)
(343 74 68 3/2 0)
(689/2 74 68 1/2 0)
(345 72 67 1/2 0)
(691/2 71 66 1/2 0)
(346 72 67 1/2 0)
(693/2 74 68 1/2 0)
(347 71 66 5/2 0)
(699/2 74 68 1/2 0)
(350 76 69 1/2 0)
(701/2 74 68 1/2 0)
(351 69 65 1 0)
(352 74 68 3/4 0)
(1411/4 74 68 1/4 0)
(353 74 68 1 0)
(354 76 69 1/2 0)
(709/2 74 68 1/2 0)
(355 71 66 1/2 0)
(711/2 69 65 1/2 0)
(356 67 64 3/2 0)
(715/2 71 66 1/2 0)
(358 71 66 1/2 0)
(717/2 71 66 1/2 0)
(359 69 65 1 0)
(360 74 68 1 0)
(361 78 70 1 0)
(362 76 69 1 0)
(363 74 68 2 0)
(365 74 68 1 0)
(366 72 67 1/2 0)
(733/2 71 66 1/2 0)
(367 71 66 1/2 0)
(735/2 69 65 1/2 0)
(368 72 67 1/2 0)
(737/2 69 65 1/2 0)
(369 67 64 1 0)
(370 69 65 1 0)
(371 71 66 2 0)
(373 74 68 1 0)
(374 76 69 1/2 0)
(749/2 79 71 1/2 0)
(375 78 70 1/2 0)
(751/2 76 69 1/2 0)
(376 74 68 1/2 0)
(753/2 72 67 1/2 0)
(377 71 66 1 0)
(378 69 65 1 0)
(379 67 64 3 0)
(382 67 64 1/2 0)
(765/2 71 66 1/2 0)
(383 74 68 3/2 0)
(769/2 74 68 1/2 0)
(385 72 67 1/2 0)
(771/2 71 66 1/2 0)
(386 76 69 1/2 0)
(773/2 74 68 1/2 0)
(387 71 66 2 0)
(389 74 68 1/2 0)
(779/2 76 69 1/2 0)
(390 74 68 1/2 0)
(781/2 69 65 1 0)
(783/2 69 65 1 0)
(785/2 69 65 1 0)
(787/2 67 64 1/2 0)
(394 69 65 1/2 0)
(789/2 71 66 1/2 0)
(395 69 65 1/2 0)
(791/2 67 64 1 0)
(793/2 71 66 1/2 0)
(397 71 66 1/2 0)
(795/2 71 66 1/2 0)
(398 69 65 1 0)
(399 74 68 1 0)
(400 78 70 1 0)
(401 76 69 1 0)
(402 74 68 2 0)
(404 74 68 1 0)
(405 72 67 1/2 0)
(811/2 71 66 1/2 0)
(406 71 66 1/2 0)
(813/2 69 65 1/2 0)
(407 72 67 1/2 0)
(815/2 66 63 1/2 0)
(408 67 64 1 0)
(409 69 65 1/2 0)
(819/2 72 67 1/2 0)
(410 71 66 1 0)
(411 74 68 1 0)
(412 76 69 1/2 0)
(825/2 78 70 1/2 0)
(413 79 71 1/2 0)
(827/2 79 71 1/2 0)
(414 76 69 1/2 0)
(829/2 72 67 1/2 0)
(415 71 66 1 0)
(416 69 65 1 0)
(417 67 64 1 0)
(418 67 64 1 0)
(419 74 68 3/2 0)
(841/2 74 68 1/2 0)
(421 72 67 1/2 0)
(843/2 71 66 1/2 0)
(422 72 67 1/2 0)
(845/2 74 68 1/2 0)
(423 71 66 1 0)
(424 74 68 1/2 0)
(849/2 72 67 1/2 0)
(425 71 66 1/2 0)
(851/2 69 65 1 0)
(853/2 69 65 1/2 0)
(427 67 64 1/2 0)
(855/2 69 65 1/2 0)
(428 71 66 1 0)
(429 67 64 1 0)
(430 67 64 1/2 0)
(861/2 66 63 1/2 0)
(431 67 64 1/2 0)
(863/2 69 65 1 0)
(865/2 74 68 1 0)
(867/2 78 70 1 0)
(869/2 76 69 1 0)
(871/2 74 68 1 0)
(873/2 74 68 1 0)
(875/2 72 67 1/2 0)
(438 71 66 1/2 0)
(877/2 69 65 1/2 0)
(439 67 64 1/2 0)
(879/2 72 67 1/2 0)
(440 69 65 1/2 0)
(881/2 67 64 1 0)
(883/2 69 65 1 0)
(885/2 71 66 1 0)
(887/2 74 68 1 0)
(889/2 76 69 1/2 0)
(445 78 70 1/2 0)
(891/2 79 71 1/2 0)
(446 76 69 1/2 0)
(893/2 74 68 1/2 0)
(447 72 67 1/2 0)
(895/2 71 66 1 0)
(897/2 69 65 1 0)
(899/2 67 64 1 0)
(901/2 65 63 1 0)
(903/2 72 67 3/2 0)
(453 72 67 1/2 0)
(907/2 70 66 1/2 0)
(454 69 65 1/2 0)
(909/2 70 66 1/2 0)
(455 72 67 1/2 0)
(911/2 69 65 2 0)
(915/2 69 65 1/2 0)
(458 72 67 1/2 0)
(917/2 69 65 1/2 0)
(459 67 64 1 0)
(460 67 64 1 0)
(461 69 65 1/2 0)
(923/2 67 64 1/2 0)
(462 65 63 1/2 0)
(925/2 67 64 1/2 0)
(463 69 65 1 0)
(464 65 63 1 0)
(465 69 65 1/2 0)
(931/2 69 65 1/2 0)
(466 69 65 1/2 0)
(933/2 67 64 1 0)
(935/2 72 67 1 0)
(937/2 71 66 1 0)
(939/2 74 68 1 0)
(941/2 72 67 2 0)
(945/2 67 64 1/2 0)
(473 67 64 1/2 0)
(947/2 72 67 1/2 0)
(474 72 67 1/2 0)
(949/2 67 64 1/2 0)
(475 69 65 1/2 0)
(951/2 65 63 1/2 0)
(476 64 62 1 0)
(477 62 61 1 0)
(478 60 60 2 0)
(480 67 64 1/2 0)
(961/2 67 64 1/2 0)
(481 67 64 1/2 0)
(963/2 69 65 3/2 0)
(483 69 65 1/2 0)
(967/2 70 66 3/2 0)
(485 70 66 1/2 0)
(971/2 67 64 2 0)
(975/2 72 67 1/2 0)
(488 72 67 1/2 0)
(977/2 70 66 1/2 0)
(489 69 65 3/2 0)
(981/2 69 65 1/2 0)
(491 70 66 3/2 0)
(985/2 70 66 1/2 0)
(493 72 67 5/4 0)
(1977/4 74 68 1/4 0)
(989/2 72 67 1/4 0)
(1979/4 70 66 1/4 0)
(495 69 65 1 0)
(496 65 63 1/2 0)
(993/2 74 68 3/2 0)
(498 74 68 1/2 0)
(997/2 74 68 1/2 0)
(499 76 69 1/2 0)
(999/2 77 70 1/2 0)
(500 74 68 1/2 0)
(1001/2 72 67 2 0)
(1005/2 72 67 1 0)
(1007/2 70 66 1/2 0)
(504 69 65 1/2 0)
(1009/2 69 65 1/2 0)
(505 67 64 1/2 0)
(1011/2 70 66 1/2 0)
(506 67 64 1/2 0)
(1013/2 65 63 1 0)
(1015/2 67 64 1 0)
(1017/2 69 65 1 0)
(1019/2 72 67 1 0)
(1021/2 74 68 1/2 0)
(511 76 69 1/2 0)
(1023/2 77 70 1/2 0)
(512 74 68 1/2 0)
(1025/2 70 66 1/2 0)
(513 67 64 1/2 0)
(1027/2 69 65 1 0)
(1029/2 67 64 1 0)
(1031/2 65 63 2 0)
(1035/2 74 68 1/2 0)
(518 74 68 1/2 0)
(1037/2 74 68 1/2 0)
(519 74 68 1/2 0)
(1039/2 72 67 1/2 0)
(520 71 66 1/2 0)
(1041/2 72 67 1/2 0)
(521 74 68 1/2 0)
(1043/2 71 66 3/2 0)
(523 74 68 1/2 0)
(1047/2 76 69 3/4 0)
(2097/4 74 68 1/4 0)
(1049/2 71 66 3/4 0)
(2101/4 69 65 1/4 0)
(1051/2 71 66 3/4 0)
(2105/4 69 65 1/4 0)
(1053/2 67 64 3/4 0)
(2109/4 69 65 1/4 0)
(1055/2 71 66 1/2 0)
(528 67 64 1 0)
(529 67 64 1/2 0)
(1059/2 69 65 1/2 0)
(530 69 65 1/2 0)
(1061/2 69 65 1/4 0)
(2123/4 69 65 1/4 0)
(531 69 65 1/2 0)
(1063/2 73 67 1/2 0)
(532 69 65 1/2 0)
(1065/2 74 68 3/2 0)
(534 74 68 1/2 0)
(1069/2 74 68 1/2 0)
(535 74 68 1/2 0)
(1071/2 74 68 1/2 0)
(536 71 66 1/2 0)
(1073/2 67 64 1/2 0)
(537 67 64 1/2 0)
(1075/2 69 65 1 0)
(1077/2 73 67 1 0)
(1079/2 74 68 3/2 0)
(541 69 65 1/2 0)
(1083/2 69 65 1/2 0)
(542 69 65 1/2 0)
(1085/2 71 66 1/2 0)
(543 71 66 1/2 0)
(1087/2 71 66 1/2 0)
(544 71 66 1/2 0)
(1089/2 74 68 1/2 0)
(545 74 68 1/2 0)
(1091/2 69 65 1/2 0)
(546 69 65 1/2 0)
(1093/2 69 65 1/2 0)
(547 69 65 1/2 0)
(1095/2 71 66 1/2 0)
(548 71 66 1/2 0)
(1097/2 71 66 3/4 0)
(2197/4 71 66 1/4 0)
(1099/2 71 66 3/4 0)
(2201/4 74 68 1/4 0)
(1101/2 76 69 1/2 0)
(551 74 68 1 0)
(552 67 64 1/2 0)
(1105/2 67 64 1/2 0)
(553 67 64 1/2 0)
(1107/2 76 69 3/2 0)
(555 76 69 1/2 0)
(1111/2 79 71 1/2 0)
(556 76 69 1/2 0)
(1113/2 74 68 3/2 0)
(558 74 68 1/2 0)
(1117/2 74 68 1/2 0)
(559 72 67 1/2 0)
(1119/2 71 66 1/2 0)
(560 69 65 1/2 0)
(1121/2 72 67 3/4 0)
(2245/4 69 65 1/4 0)
(1123/2 67 64 1 0)
(1125/2 69 65 1 0)
(1127/2 71 66 3/2 0)
(565 74 68 1/2 0)
(1131/2 76 69 1/2 0)
(566 78 70 1/2 0)
(1133/2 79 71 3/4 0)
(2269/4 74 68 1/4 0)
(1135/2 74 68 1/2 0)
(568 72 67 1/2 0)
(1137/2 71 66 1 0)
(1139/2 69 65 1 0)
(1141/2 67 64 2 0)
(1145/2 74 68 1 0)
(1147/2 74 68 3/2 0)
(575 71 66 1/2 0)
(1151/2 72 67 1/2 0)
(576 76 69 1/2 0)
(1153/2 74 68 3/4 0)
(2309/4 72 67 1/4 0)
(1155/2 71 66 5/2 0)
(580 74 68 1/2 0)
(1161/2 76 69 1/2 0)
(581 74 68 1/2 0)
(1163/2 69 65 1 0)
(1165/2 74 68 1 0)
(1167/2 74 68 1 0)
(1169/2 76 69 1/2 0)
(585 74 68 1/2 0)
(1171/2 71 66 1/2 0)
(586 69 65 1/2 0)
(1173/2 67 64 3/2 0)
(588 71 66 1/2 0)
(1177/2 71 66 1/2 0)
(589 71 66 1/2 0)
(1179/2 69 65 1 0)
(1181/2 79 71 1 0)
(1183/2 78 70 1 0)
(1185/2 76 69 1 0)
(1187/2 74 68 2 0)
(1191/2 74 68 1 0)
(1193/2 72 67 1/2 0)
(597 71 66 1/2 0)
(1195/2 71 66 1/2 0)
(598 69 65 1/2 0)
(1197/2 72 67 1/2 0)
(599 69 65 1/2 0)
(1199/2 67 64 1 0)
(1201/2 69 65 1 0)
(1203/2 71 66 1 0)
(1205/2 74 68 1 0)
(1207/2 76 69 1/2 0)
(604 81 72 1/2 0)
(1209/2 79 71 1/2 0)
(605 78 70 1/2 0)
(1211/2 76 69 1/2 0)
(606 76 69 1/2 0)
(1213/2 74 68 1 0)
(1215/2 69 65 1 0)
(1217/2 67 64 1 0)
(1219/2 74 68 1 0)
(1221/2 74 68 3/2 0)
(612 74 68 1/2 0)
(1225/2 74 68 1/2 0)
(613 74 68 1/2 0)
(1227/2 76 69 1/2 0)
(614 74 68 1/2 0)
(1229/2 71 66 1 0)
(1231/2 74 68 1 0)
(1233/2 74 68 1/2 0)
(617 74 68 1/2 0)
(1235/2 74 68 1/2 0)
(618 69 65 1 0)
(619 74 68 1 0)
(620 74 68 1 0)
(621 76 69 1/2 0)
(1243/2 74 68 1/2 0)
(622 71 66 1/2 0)
(1245/2 69 65 1/2 0)
(623 67 64 1 0)
(624 71 66 1/2 0)
(1249/2 71 66 1/2 0)
(625 69 65 1 0)
(626 74 68 1/2 0)
(1253/2 76 69 1/2 0)
(627 78 70 1 0)
(628 76 69 1 0)
(629 74 68 2 0)
(631 74 68 1 0)
(632 72 67 1/2 0)
(1265/2 71 66 1/2 0)
(633 69 65 1/2 0)
(1267/2 72 67 1/2 0)
(634 71 66 1/2 0)
(1269/2 69 65 1/2 0)
(635 67 64 1 0)
(636 69 65 1 0)
(637 71 66 1 0)
(638 74 68 1 0)
(639 74 68 1 0)
(640 76 69 1/2 0)
(1281/2 78 70 1/2 0)
(641 79 71 1/2 0)
(1283/2 74 68 1/2 0)
(642 76 69 1/2 0)
(1285/2 74 68 1/2 0)
(643 71 66 1 0)
(644 69 65 1 0)
(645 67 64 1 0)
