(0 62 61 1/2 0)
(1/2 71 66 1/2 0)
(1 71 66 1/2 0)
(3/2 71 66 1/2 0)
(2 71 66 1/2 0)
(5/2 72 67 1/2 0)
(3 71 66 1/2 0)
(7/2 71 66 1/2 0)
(4 69 65 1/2 0)
(9/2 69 65 1/2 0)
(5 69 65 1 0)
(6 62 61 1/2 0)
(13/2 69 65 1/2 0)
(7 69 65 1/2 0)
(15/2 69 65 1/2 0)
(8 69 65 1/2 0)
(17/2 72 67 1/2 0)
(9 71 66 1/4 0)
(37/4 69 65 1/4 0)
(19/2 69 65 1 0)
(21/2 67 64 1/2 0)
(11 67 64 1 0)
(12 62 61 1/2 0)
(25/2 62 61 1/2 0)
(13 69 65 1 0)
(14 71 66 1/2 0)
(29/2 72 67 1/2 0)
(15 74 68 1 0)
(16 76 69 1/2 0)
(33/2 74 68 1/2 0)
(17 72 67 1 0)
(18 74 68 1/2 0)
(37/2 74 68 1/2 0)
(19 71 66 1 0)
(20 67 64 1/2 0)
(41/2 67 64 1/2 0)
(21 64 62 1 0)
(22 66 63 1/2 0)
(45/2 67 64 1/2 0)
(23 69 65 1 0)
(24 67 64 1/2 0)
(49/2 66 63 1/2 0)
(25 64 62 1 0)
(26 62 61 1 0)
(27 67 64 1 0)
(28 62 61 1/2 0)
(57/2 62 61 1/2 0)
(29 67 64 1 0)
(30 71 66 1/2 0)
(61/2 71 66 1/2 0)
(31 69 65 2 0)
(33 62 61 1 0)
(34 71 66 1 0)
(35 72 67 1 0)
(36 71 66 1/2 0)
(73/2 69 65 1/2 0)
(37 67 64 3 0)
(40 67 64 1/2 0)
(81/2 69 65 1/2 0)
(41 71 66 1 0)
(42 71 66 1/2 0)
(85/2 72 67 1/2 0)
(43 74 68 1 0)
(44 74 68 1 0)
(45 72 67 1 0)
(46 69 65 1/2 0)
(93/2 69 65 1/2 0)
(47 71 66 1 0)
(48 67 64 1/2 0)
(97/2 64 62 1 0)
(99/2 67 64 1 0)
(101/2 69 65 1 0)
(103/2 67 64 1/2 0)
(52 66 63 1/2 0)
(105/2 64 62 1 0)
(107/2 66 63 1 0)
(109/2 64 62 1 0)
(111/2 62 61 1 0)
(113/2 67 64 1 0)
(115/2 71 66 1 0)
(117/2 69 65 2 0)
(121/2 62 61 1 0)
(123/2 71 66 1 0)
(125/2 72 67 1 0)
(127/2 71 66 1/2 0)
(64 69 65 1/2 0)
(129/2 67 64 1 0)
(131/2 71 66 1/2 0)
(66 71 66 1/2 0)
(133/2 71 66 1 0)
(135/2 71 66 1/2 0)
(68 76 69 1/2 0)
(137/2 74 68 1 0)
(139/2 76 69 1/2 0)
(70 74 68 1/2 0)
(141/2 72 67 1 0)
(143/2 74 68 1/2 0)
(72 74 68 1/2 0)
(145/2 71 66 1 0)
(147/2 67 64 1/2 0)
(74 67 64 1/2 0)
(149/2 64 62 1 0)
(151/2 67 64 1/2 0)
(76 67 64 1/2 0)
(153/2 69 65 1 0)
(155/2 67 64 1/2 0)
(78 66 63 1/2 0)
(157/2 64 62 1 0)
(159/2 62 61 1/2 0)
(80 62 61 1/2 0)
(161/2 67 64 1 0)
(163/2 62 61 1/2 0)
(82 62 61 1/2 0)
(165/2 66 63 1/2 0)
(83 66 63 1/2 0)
(167/2 71 66 1/2 0)
(84 71 66 1/2 0)
(169/2 69 65 2 0)
(173/2 64 62 1 0)
(175/2 71 66 1 0)
(177/2 72 67 1 0)
(179/2 71 66 1/2 0)
(90 69 65 1/2 0)
(181/2 67 64 1 0)
(183/2 62 61 1/2 0)
(92 71 66 1/2 0)
(185/2 71 66 1/2 0)
(93 69 65 1/2 0)
(187/2 71 66 1/2 0)
(94 74 68 1 0)
(95 76 69 1/2 0)
(191/2 74 68 1/2 0)
(96 72 67 1 0)
(97 69 65 3/4 0)
(391/4 71 66 1/4 0)
(98 71 66 3/2 0)
(199/2 69 65 1/2 0)
(100 67 64 1 0)
(101 64 62 1 0)
(102 66 63 1/2 0)
(205/2 67 64 1/2 0)
(103 66 63 1 0)
(104 64 62 1 0)
(105 66 63 1 0)
(106 64 62 1/2 0)
(213/2 62 61 1/2 0)
(107 67 64 1/2 0)
(215/2 71 66 1/2 0)
(108 69 65 2 0)
(110 62 61 1 0)
(111 67 64 1/2 0)
(223/2 69 65 1/2 0)
(112 71 66 1 0)
(113 69 65 1 0)
(114 67 64 3/2 0)
(231/2 67 64 1/2 0)
(116 69 65 1 0)
(117 69 65 1/2 0)
(235/2 71 66 1/2 0)
(118 72 67 1 0)
(119 71 66 1/2 0)
(239/2 69 65 1/2 0)
(120 67 64 1 0)
(121 71 66 3/4 0)
(487/4 69 65 1/4 0)
(122 67 64 1 0)
(123 66 63 1/2 0)
(247/2 64 62 1 0)
(249/2 71 66 1 0)
(251/2 69 65 3/2 0)
(127 66 63 1/2 0)
(255/2 62 61 1 0)
(257/2 66 63 1 0)
(259/2 64 62 1/2 0)
(130 62 61 1/2 0)
(261/2 64 62 1/2 0)
(131 66 63 1/2 0)
(263/2 64 62 1/2 0)
(132 64 62 1/2 0)
(265/2 62 61 1 0)
(267/2 71 66 1 0)
(269/2 69 65 3/2 0)
(136 66 63 1/2 0)
(273/2 62 61 1 0)
(275/2 67 64 1/2 0)
(138 66 63 1/2 0)
(277/2 62 61 1/2 0)
(139 64 62 1/2 0)
(279/2 66 63 1/2 0)
(140 67 64 1 0)
(141 67 64 1/2 0)
(283/2 69 65 1/2 0)
(142 71 66 1 0)
(143 71 66 1/2 0)
(287/2 72 67 1/2 0)
(144 74 68 1 0)
(145 74 68 1/2 0)
(291/2 72 67 1/2 0)
(146 71 66 1 0)
(147 69 65 1/2 0)
(295/2 69 65 1/2 0)
(148 71 66 1 0)
(149 69 65 1 0)
(150 67 64 1 0)
(151 69 65 1 0)
(152 67 64 1 0)
(153 66 63 1/2 0)
(307/2 66 63 1/2 0)
(154 64 62 1 0)
(155 67 64 1 0)
(156 62 61 1 0)
(157 66 63 1/2 0)
(315/2 67 64 1 0)
(317/2 71 66 1 0)
(319/2 69 65 2 0)
(323/2 62 61 1 0)
(325/2 71 66 1 0)
(327/2 72 67 1 0)
(329/2 71 66 1/2 0)
(165 69 65 1/2 0)
(331/2 67 64 1 0)
(333/2 62 61 1/2 0)
(167 67 64 1 0)
(168 69 65 1/2 0)
(337/2 69 65 1/2 0)
(169 71 66 1 0)
(170 69 65 1/2 0)
(341/2 69 65 1/2 0)
(171 67 64 1 0)
(172 67 64 3/4 0)
(691/4 67 64 1/4 0)
(173 67 64 1 0)
(174 66 63 1/2 0)
(349/2 64 62 1 0)
(351/2 64 62 1/2 0)
(176 66 63 1/2 0)
(353/2 67 64 1 0)
(355/2 66 63 1/2 0)
(178 64 62 1/2 0)
(357/2 64 62 1 0)
(359/2 62 61 1 0)
(361/2 62 61 1 0)
(363/2 62 61 1/2 0)
(182 62 61 1 0)
(183 64 62 1/2 0)
(367/2 66 63 1/2 0)
(184 67 64 2 0)
(186 62 61 1 0)
(187 72 67 1 0)
(188 71 66 1 0)
(189 69 65 1 0)
(190 67 64 1 0)
(191 70 66 1/2 0)
(383/2 70 66 1 0)
(385/2 70 66 1/2 0)
(193 70 66 1/2 0)
(387/2 72 67 1 0)
(389/2 72 67 1/2 0)
(195 70 66 1/2 0)
(391/2 68 65 1 0)
(393/2 70 66 1/2 0)
(197 72 67 1/2 0)
(395/2 70 66 1 0)
(397/2 67 64 1 0)
(399/2 65 63 1 0)
(401/2 67 64 1/2 0)
(201 68 65 1/2 0)
(403/2 70 66 1 0)
(405/2 68 65 1/2 0)
(203 67 64 1/2 0)
(407/2 65 63 1 0)
(409/2 65 63 1/2 0)
(205 67 64 1/2 0)
(411/2 65 63 1 0)
(413/2 63 62 1 0)
(415/2 68 65 1 0)
(417/2 72 67 1 0)
(419/2 70 66 1 0)
(421/2 67 64 1 0)
(423/2 63 62 1 0)
(425/2 68 65 1/2 0)
(213 67 64 1/2 0)
(427/2 65 63 1 0)
(429/2 70 66 1 0)
(431/2 68 65 3 0)
(437/2 68 65 1/2 0)
(219 70 66 1 0)
(220 70 66 1/2 0)
(441/2 70 66 1/2 0)
(221 72 67 3/2 0)
(445/2 70 66 1/2 0)
(223 68 65 1 0)
(224 70 66 1/2 0)
(449/2 72 67 1/2 0)
(225 70 66 3/2 0)
(453/2 67 64 1/2 0)
(227 65 63 1 0)
(228 67 64 1/2 0)
(457/2 68 65 1/2 0)
(229 70 66 1 0)
(230 68 65 1/2 0)
(461/2 67 64 1/2 0)
(231 65 63 1 0)
(232 65 63 1/2 0)
(465/2 67 64 1/2 0)
(233 65 63 1 0)
(234 63 62 1 0)
(235 68 65 1 0)
(236 72 67 1 0)
(237 70 66 1 0)
(238 67 64 1 0)
(239 63 62 1 0)
(240 68 65 1/2 0)
(481/2 67 64 1/2 0)
(241 65 63 1 0)
(242 70 66 1 0)
(243 68 65 3/2 0)
(489/2 67 64 1/2 0)
(245 69 65 1/2 0)
(491/2 71 66 1 0)
(493/2 71 66 1/2 0)
(247 71 66 1/2 0)
(495/2 69 65 1 0)
(497/2 69 65 1/2 0)
(249 69 65 1/2 0)
(499/2 67 64 1 0)
(501/2 67 64 1/2 0)
(251 66 63 1/2 0)
(503/2 64 62 1 0)
(505/2 66 63 1/2 0)
(253 67 64 1/2 0)
(507/2 69 65 1 0)
(509/2 69 65 1/2 0)
(255 71 66 1/2 0)
(511/2 69 65 1 0)
(513/2 67 64 1/2 0)
(257 67 64 1/2 0)
(515/2 66 63 1 0)
(517/2 64 62 1/2 0)
(259 64 62 1/2 0)
(519/2 62 61 1 0)
(521/2 71 66 1/2 0)
(261 69 65 1/2 0)
(523/2 67 64 1 0)
(525/2 67 64 1/2 0)
(263 69 65 1/2 0)
(527/2 71 66 1 0)
(529/2 67 64 1/2 0)
(265 71 66 1/2 0)
(531/2 69 65 1 0)
(533/2 71 66 3/4 0)
(1069/4 69 65 1/4 0)
(535/2 67 64 1 0)
