(0 71 66 1/4 0)
(1/4 71 66 1/4 0)
(1/2 72 67 1/2 0)
(1 74 68 1/2 0)
(3/2 76 69 1/2 0)
(2 76 69 1/2 0)
(5/2 74 68 1/2 0)
(3 72 67 1/2 0)
(7/2 71 66 1/2 0)
(4 71 66 1/2 0)
(9/2 74 68 1/2 0)
(5 74 68 1 0)
(6 71 66 1/2 0)
(13/2 69 65 1/2 0)
(7 69 65 1/2 0)
(15/2 74 68 1/2 0)
(8 74 68 1/2 0)
(17/2 72 67 1/2 0)
(9 71 66 1/2 0)
(19/2 69 65 1/2 0)
(10 69 65 1/2 0)
(21/2 69 65 1/2 0)
(11 69 65 1 0)
(12 62 61 1/2 0)
(25/2 67 64 1/2 0)
(13 67 64 1/2 0)
(27/2 69 65 1/2 0)
(14 71 66 1/2 0)
(29/2 71 66 1/2 0)
(15 76 69 1/2 0)
(31/2 74 68 3/2 0)
(17 69 65 1 0)
(18 69 65 1/2 0)
(37/2 67 64 5/2 0)
(21 74 68 1/2 0)
(43/2 74 68 1 0)
(45/2 74 68 1/2 0)
(23 67 64 1/2 0)
(47/2 69 65 1/2 0)
(24 71 66 1/2 0)
(49/2 72 67 1/2 0)
(25 71 66 1/2 0)
(51/2 72 67 1/2 0)
(26 69 65 1 0)
(27 69 65 1/2 0)
(55/2 72 67 1/2 0)
(28 71 66 1/2 0)
(57/2 69 65 1/2 0)
(29 72 67 1/2 0)
(59/2 71 66 1/2 0)
(30 69 65 1/2 0)
(61/2 67 64 1/2 0)
(31 71 66 1/2 0)
(63/2 67 64 1/2 0)
(32 62 61 1 0)
(33 62 61 1/2 0)
(67/2 67 64 3/2 0)
(35 69 65 1 0)
(36 69 65 1/2 0)
(73/2 71 66 1 0)
(75/2 76 69 1/2 0)
(38 74 68 1 0)
(39 67 64 1/2 0)
(79/2 69 65 1 0)
(81/2 76 69 1/2 0)
(41 74 68 1 0)
(42 72 67 1/2 0)
(85/2 71 66 3/2 0)
(44 74 68 1/2 0)
(89/2 71 66 1 0)
(91/2 69 65 1/2 0)
(46 67 64 1/2 0)
(93/2 67 64 1/2 0)
(47 71 66 1/2 0)
(95/2 74 68 1/2 0)
(48 74 68 1/2 0)
(97/2 74 68 1/2 0)
(49 67 64 1/2 0)
(99/2 71 66 1/2 0)
(50 71 66 1/2 0)
(101/2 69 65 1/2 0)
(51 71 66 1/2 0)
(103/2 72 67 1/2 0)
(52 71 66 1/2 0)
(105/2 71 66 1/2 0)
(53 69 65 1/2 0)
(107/2 67 64 1/2 0)
(54 71 66 1/2 0)
(109/2 67 64 1/2 0)
(55 62 61 1 0)
(56 62 61 1/2 0)
(113/2 67 64 3/2 0)
(58 69 65 1 0)
(59 69 65 1/2 0)
(119/2 71 66 1 0)
(121/2 74 68 1/2 0)
(61 74 68 1 0)
(62 71 66 1/2 0)
(125/2 67 64 3/2 0)
(64 74 68 1 0)
(65 72 67 1/2 0)
(131/2 71 66 5/2 0)
(68 74 68 3/2 0)
(139/2 74 68 1 0)
(141/2 74 68 1/2 0)
(71 67 64 1 0)
(72 74 68 1/2 0)
(145/2 74 68 3/4 0)
(293/4 74 68 1/4 0)
(147/2 74 68 1/2 0)
(74 67 64 1 0)
(75 71 66 1/2 0)
(151/2 69 65 1/2 0)
(76 71 66 1/2 0)
(153/2 72 67 1/2 0)
(77 72 67 1/2 0)
(155/2 71 66 1/2 0)
(78 69 65 1/2 0)
(157/2 67 64 1/2 0)
(79 69 65 1/2 0)
(159/2 71 66 1/2 0)
(80 62 61 5/2 0)
(165/2 62 61 1/2 0)
(83 67 64 3/2 0)
(169/2 69 65 1 0)
(171/2 69 65 1/2 0)
(86 71 66 1 0)
(87 76 69 1/2 0)
(175/2 74 68 1 0)
(177/2 71 66 1/2 0)
(89 74 68 3/2 0)
(181/2 74 68 1 0)
(183/2 72 67 1/2 0)
(92 71 66 5/2 0)
(189/2 62 61 1/2 0)
(95 71 66 1/2 0)
(191/2 71 66 1/2 0)
(96 71 66 1/2 0)
(193/2 71 66 1/2 0)
(97 74 68 1/2 0)
(195/2 74 68 1/2 0)
(98 74 68 1/2 0)
(197/2 72 67 1/2 0)
(99 71 66 1/2 0)
(199/2 71 66 1 0)
(201/2 71 66 1/2 0)
(101 69 65 1/2 0)
(203/2 71 66 1/2 0)
(102 72 67 1/2 0)
(205/2 71 66 1/2 0)
(103 71 66 1/2 0)
(207/2 69 65 1/2 0)
(104 67 64 1/2 0)
(209/2 66 63 1/2 0)
(105 64 62 1/2 0)
(211/2 62 61 1 0)
(213/2 62 61 1/2 0)
(107 67 64 3/2 0)
(217/2 69 65 1 0)
(219/2 69 65 1/2 0)
(110 71 66 1 0)
(111 76 69 1/2 0)
(223/2 74 68 1 0)
(225/2 71 66 1/2 0)
(113 67 64 1 0)
(114 76 69 1/2 0)
(229/2 74 68 1 0)
(231/2 72 67 1/2 0)
(116 71 66 5/2 0)
(237/2 67 64 1/2 0)
(119 71 66 1/2 0)
(239/2 71 66 1/2 0)
(120 69 65 1/2 0)
(241/2 67 64 1 0)
(243/2 71 66 1/2 0)
(122 74 68 1/2 0)
(245/2 76 69 1/2 0)
(123 74 68 1/2 0)
(247/2 67 64 1 0)
(249/2 67 64 1/2 0)
(125 69 65 1/2 0)
(251/2 69 65 1/2 0)
(126 69 65 1/2 0)
(253/2 71 66 1/2 0)
(127 71 66 1/2 0)
(255/2 69 65 1/2 0)
(128 67 64 1/2 0)
(257/2 66 63 1/2 0)
(129 64 62 1/2 0)
(259/2 62 61 1 0)
(261/2 62 61 1/2 0)
(131 67 64 3/2 0)
(265/2 69 65 1 0)
(267/2 69 65 1/2 0)
(134 71 66 1 0)
(135 76 69 1/2 0)
(271/2 74 68 1 0)
(273/2 71 66 1/2 0)
(137 67 64 3/2 0)
(277/2 74 68 1 0)
(279/2 72 67 1/2 0)
(140 71 66 5/2 0)
(285/2 62 61 1/2 0)
(143 71 66 1 0)
(144 71 66 1/2 0)
(289/2 71 66 1/2 0)
(145 71 66 1/2 0)
(291/2 71 66 1/2 0)
(146 71 66 1/2 0)
(293/2 69 65 1/2 0)
(147 69 65 1/2 0)
(295/2 69 65 1/2 0)
(148 71 66 1/2 0)
(297/2 69 65 1/2 0)
(149 67 64 1/2 0)
(299/2 67 64 1/2 0)
(150 67 64 1/2 0)
(301/2 69 65 1/2 0)
(151 71 66 1/2 0)
(303/2 69 65 1/2 0)
(152 67 64 1/2 0)
(305/2 66 63 1/2 0)
(153 67 64 1/2 0)
(307/2 62 61 1 0)
(309/2 62 61 1/2 0)
(155 67 64 3/2 0)
(313/2 69 65 1 0)
(315/2 69 65 1/2 0)
(158 71 66 1 0)
(159 76 69 1/2 0)
(319/2 74 68 1 0)
(321/2 71 66 1/2 0)
(161 67 64 1 0)
(162 76 69 1/2 0)
(325/2 74 68 1 0)
(327/2 72 67 1/2 0)
(164 71 66 5/2 0)
(333/2 74 68 1/2 0)
(167 67 64 1/2 0)
(335/2 67 64 1/2 0)
(168 71 66 1/2 0)
(337/2 74 68 1 0)
(339/2 74 68 1/2 0)
(170 76 69 1/2 0)
(341/2 76 69 1/2 0)
(171 76 69 1/2 0)
(343/2 74 68 1 0)
(345/2 74 68 1/2 0)
(173 67 64 1/2 0)
(347/2 69 65 1/2 0)
(174 71 66 1/2 0)
(349/2 71 66 1/2 0)
(175 71 66 1/2 0)
(351/2 69 65 1/2 0)
(176 67 64 1/2 0)
(353/2 71 66 1/2 0)
(177 67 64 1/2 0)
(355/2 62 61 1 0)
(357/2 62 61 1/2 0)
(179 67 64 3/2 0)
(361/2 69 65 1 0)
(363/2 69 65 1/2 0)
(182 71 66 3/2 0)
(367/2 74 68 1 0)
(369/2 71 66 1/2 0)
(185 67 64 1 0)
(186 74 68 1/2 0)
(373/2 74 68 1 0)
(375/2 72 67 1/2 0)
(188 71 66 5/2 0)
(381/2 71 66 1/2 0)
(191 71 66 1 0)
(192 69 65 1/2 0)
(385/2 67 64 1/2 0)
(193 71 66 1/2 0)
(387/2 74 68 1/2 0)
(194 74 68 1/2 0)
(389/2 74 68 1/2 0)
(195 74 68 1/2 0)
(391/2 67 64 1 0)
(393/2 67 64 1/2 0)
(197 69 65 1/2 0)
(395/2 71 66 1/2 0)
(198 72 67 1/2 0)
(397/2 71 66 1/2 0)
(199 71 66 1/2 0)
(399/2 69 65 1/2 0)
(200 67 64 1/2 0)
(401/2 71 66 1/2 0)
(201 67 64 1/2 0)
(403/2 62 61 1/2 0)
(202 64 62 1/2 0)
(405/2 66 63 1/2 0)
(203 67 64 3/2 0)
(409/2 69 65 1 0)
(411/2 69 65 1/2 0)
(206 71 66 1 0)
(207 74 68 1/2 0)
(415/2 74 68 1 0)
(417/2 71 66 1/2 0)
(209 67 64 3/2 0)
(421/2 74 68 1 0)
(423/2 72 67 1/2 0)
(212 71 66 5/2 0)
(429/2 74 68 1/4 0)
(859/4 74 68 1/4 0)
(215 74 68 1/2 0)
(431/2 74 68 1/2 0)
(216 74 68 1/2 0)
(433/2 67 64 1/2 0)
(217 69 65 1/2 0)
(435/2 71 66 1/2 0)
(218 72 67 1/2 0)
(437/2 71 66 1/2 0)
(219 72 67 1/2 0)
(439/2 69 65 1 0)
(441/2 69 65 1/4 0)
(883/4 69 65 1/4 0)
(221 72 67 1/2 0)
(443/2 71 66 1/2 0)
(222 69 65 1/2 0)
(445/2 72 67 1/2 0)
(223 71 66 1/2 0)
(447/2 69 65 1/2 0)
(224 67 64 1/2 0)
(449/2 66 63 1/2 0)
(225 67 64 1/2 0)
(451/2 62 61 1 0)
(453/2 62 61 1/4 0)
(907/4 62 61 1/4 0)
(227 67 64 3/2 0)
(457/2 69 65 1 0)
(459/2 69 65 1/2 0)
(230 71 66 1 0)
(231 76 69 1/2 0)
(463/2 74 68 1 0)
(465/2 67 64 1/2 0)
(233 69 65 1 0)
(234 72 67 1/2 0)
(469/2 74 68 1 0)
(471/2 74 68 1/2 0)
(236 71 66 1 0)
(237 67 64 3/8 0)
(1899/8 67 64 1/8 0)
(475/2 71 66 1/2 0)
(238 67 64 1/2 0)
(477/2 71 66 1/4 0)
(955/4 72 67 1/4 0)
(239 71 66 1/2 0)
(479/2 74 68 1/2 0)
(240 74 68 1/4 0)
(961/4 74 68 1/4 0)
(481/2 74 68 1/2 0)
(241 72 67 1/2 0)
(483/2 71 66 1/2 0)
(242 71 66 1/2 0)
(485/2 69 65 1/2 0)
(243 67 64 1/4 0)
(973/4 67 64 1/4 0)
(487/2 69 65 1/2 0)
(244 69 65 1/2 0)
(489/2 69 65 1/2 0)
(245 72 67 1/2 0)
(491/2 71 66 1/2 0)
(246 69 65 1/2 0)
(493/2 67 64 1/2 0)
(247 66 63 1/2 0)
(495/2 64 62 1/2 0)
(248 62 61 1 0)
(249 64 62 1/4 0)
(997/4 66 63 1/4 0)
(499/2 67 64 3/2 0)
(251 69 65 1 0)
(252 72 67 1/2 0)
(505/2 71 66 1 0)
(507/2 74 68 1/2 0)
(254 74 68 1 0)
(255 74 68 1/2 0)
(511/2 67 64 3/2 0)
(257 69 65 1 0)
(258 72 67 1/2 0)
(517/2 71 66 5/2 0)
