(0 62 61 3/4 0)
(3/4 62 61 1/4 0)
(1 67 64 1 0)
(2 71 66 1/2 0)
(5/2 71 66 1/2 0)
(3 69 65 1/2 0)
(7/2 67 64 1/2 0)
(4 66 63 1/2 0)
(9/2 67 64 1/2 0)
(5 69 65 1 0)
(6 71 66 1 0)
(7 69 65 1 0)
(8 67 64 3/4 0)
(35/4 69 65 1/4 0)
(9 71 66 1 0)
(10 74 68 3/4 0)
(43/4 74 68 1/4 0)
(11 72 67 1 0)
(12 71 66 1/2 0)
(25/2 71 66 1/2 0)
(13 69 65 1 0)
(14 69 65 3/4 0)
(59/4 71 66 1/4 0)
(15 72 67 1 0)
(16 72 67 3/4 0)
(67/4 72 67 1/4 0)
(17 74 68 1/2 0)
(35/2 72 67 1/2 0)
(18 71 66 1/2 0)
(37/2 69 65 1/2 0)
(19 67 64 1 0)
(20 74 68 1 0)
(21 74 68 1 0)
(22 67 64 1/2 0)
(45/2 67 64 1/2 0)
(23 69 65 1/2 0)
(47/2 71 66 1/2 0)
(24 72 67 1/2 0)
(49/2 72 67 1/2 0)
(25 71 66 1 0)
(26 69 65 1 0)
(27 67 64 1 0)
(28 62 61 1 0)
(29 67 64 3/2 0)
(61/2 69 65 1/2 0)
(31 71 66 1 0)
(32 74 68 3/4 0)
(131/4 71 66 1/4 0)
(33 69 65 1 0)
(34 71 66 1/2 0)
(69/2 69 65 1/2 0)
(35 67 64 1 0)
(36 67 64 1/2 0)
(73/2 69 65 1/2 0)
(37 71 66 1 0)
(38 72 67 1/2 0)
(77/2 76 69 1/2 0)
(39 74 68 1 0)
(40 72 67 1/2 0)
(81/2 71 66 1/2 0)
(41 69 65 4 0)
(45 74 68 3/2 0)
(93/2 72 67 1/2 0)
(47 71 66 3/4 0)
(191/4 69 65 1/4 0)
(48 67 64 1/2 0)
(97/2 66 63 1/2 0)
(49 64 62 1 0)
(50 62 61 3/4 0)
(203/4 62 61 1/4 0)
(51 67 64 1 0)
(52 71 66 1 0)
(53 69 65 1 0)
(54 74 68 1/2 0)
(109/2 72 67 1/2 0)
(55 71 66 1/2 0)
(111/2 71 66 1/2 0)
(56 67 64 1/2 0)
(113/2 69 65 1/2 0)
(57 71 66 1 0)
(58 69 65 1 0)
(59 67 64 3 0)
(62 62 61 3/4 0)
(251/4 62 61 1/4 0)
(63 67 64 1 0)
(64 67 64 3/4 0)
(259/4 67 64 1/4 0)
(65 69 65 1 0)
(66 69 65 3/4 0)
(267/4 72 67 1/4 0)
(67 71 66 1 0)
(68 69 65 1 0)
(69 67 64 1 0)
(70 67 64 3/4 0)
(283/4 66 63 1/4 0)
(71 64 62 1 0)
(72 72 67 1 0)
(73 71 66 1 0)
(74 69 65 1 0)
(75 69 65 3 0)
(78 69 65 3/4 0)
(315/4 71 66 1/4 0)
(79 72 67 1 0)
(80 74 68 1/2 0)
(161/2 74 68 1/2 0)
(81 76 69 1/2 0)
(163/2 74 68 1/2 0)
(82 72 67 1/2 0)
(165/2 66 63 1/2 0)
(83 67 64 1 0)
(84 71 66 1 0)
(85 74 68 1 0)
(86 67 64 1 0)
(87 72 67 1 0)
(88 69 65 1/2 0)
(177/2 67 64 1/2 0)
(89 66 63 1/2 0)
(179/2 62 61 1/2 0)
(90 64 62 1/2 0)
(181/2 66 63 1/2 0)
(91 67 64 3 0)
(94 69 65 3/4 0)
(379/4 71 66 1/4 0)
(95 72 67 1 0)
(96 74 68 1/2 0)
(193/2 74 68 1/2 0)
(97 76 69 1/2 0)
(195/2 74 68 1/2 0)
(98 72 67 1/2 0)
(197/2 66 63 1/2 0)
(99 67 64 1 0)
(100 71 66 1 0)
(101 74 68 1 0)
(102 67 64 1 0)
(103 72 67 1 0)
(104 69 65 1/2 0)
(209/2 67 64 1/2 0)
(105 66 63 1/2 0)
(211/2 62 61 1/2 0)
(106 64 62 1/2 0)
(213/2 66 63 1/2 0)
(107 67 64 3 0)
(110 62 61 1/2 0)
(221/2 62 61 1/2 0)
(111 67 64 1 0)
(112 71 66 1 0)
(113 69 65 1/2 0)
(227/2 67 64 1/2 0)
(114 66 63 1/2 0)
(229/2 67 64 1/2 0)
(115 69 65 1 0)
(116 71 66 1 0)
(117 69 65 1 0)
(118 67 64 1/2 0)
(237/2 69 65 1/2 0)
(119 71 66 1 0)
(120 74 68 1/2 0)
(241/2 74 68 1/2 0)
(121 72 67 1 0)
(122 71 66 1 0)
(123 69 65 3 0)
(126 69 65 1/2 0)
(253/2 71 66 1/2 0)
(127 72 67 1 0)
(128 76 69 1 0)
(129 74 68 3/4 0)
(519/4 72 67 1/4 0)
(130 71 66 1/2 0)
(261/2 69 65 1/2 0)
(131 67 64 1 0)
(132 74 68 1 0)
(133 74 68 1 0)
(134 71 66 1 0)
(135 69 65 1 0)
(136 72 67 1/2 0)
(273/2 72 67 1/2 0)
(137 71 66 1 0)
(138 69 65 1 0)
(139 67 64 3 0)
(142 62 61 1/2 0)
(285/2 62 61 1/2 0)
(143 67 64 1 0)
(144 71 66 1/2 0)
(289/2 69 65 1/2 0)
(145 67 64 1 0)
(146 74 68 1 0)
(147 71 66 1 0)
(148 69 65 1 0)
(149 67 64 1 0)
(150 67 64 1/2 0)
(301/2 71 66 1/2 0)
(151 74 68 1 0)
(152 74 68 1/2 0)
(305/2 76 69 1/2 0)
(153 74 68 1 0)
(154 72 67 1/2 0)
(309/2 71 66 1/2 0)
(155 69 65 3 0)
(158 69 65 1/2 0)
(317/2 71 66 1/2 0)
(159 72 67 1 0)
(160 76 69 3/4 0)
(643/4 76 69 1/4 0)
(161 74 68 3/4 0)
(647/4 72 67 1/4 0)
(162 71 66 1/2 0)
(325/2 69 65 1/2 0)
(163 67 64 1 0)
(164 71 66 1 0)
(165 74 68 1 0)
(166 67 64 1/2 0)
(333/2 67 64 1/2 0)
(167 69 65 1/2 0)
(335/2 72 67 1/2 0)
(168 71 66 1/2 0)
(337/2 69 65 1/2 0)
(169 67 64 1 0)
(170 69 65 1 0)
(171 67 64 3 0)
(174 71 66 1/2 0)
(349/2 69 65 1/2 0)
(175 67 64 1 0)
(176 71 66 1/2 0)
(353/2 69 65 1/2 0)
(177 67 64 1 0)
(178 66 63 1/2 0)
(357/2 67 64 1/2 0)
(179 69 65 1 0)
(180 71 66 1 0)
(181 69 65 1 0)
(182 67 64 1/2 0)
(365/2 69 65 1/2 0)
(183 71 66 1 0)
(184 74 68 1/2 0)
(369/2 74 68 1/2 0)
(185 72 67 1 0)
(186 71 66 3/4 0)
(747/4 71 66 1/4 0)
(187 69 65 3 0)
(190 69 65 3/4 0)
(763/4 71 66 1/4 0)
(191 72 67 1/2 0)
(383/2 76 69 1/2 0)
(192 76 69 3/4 0)
(771/4 76 69 1/4 0)
(193 74 68 1/2 0)
(387/2 72 67 1/2 0)
(194 71 66 1/2 0)
(389/2 69 65 1/2 0)
(195 67 64 1 0)
(196 71 66 1 0)
(197 74 68 1 0)
(198 67 64 3/4 0)
(795/4 67 64 1/4 0)
(199 69 65 1 0)
(200 74 68 1/2 0)
(401/2 72 67 1/2 0)
(201 71 66 1 0)
(202 69 65 1 0)
(203 67 64 3 0)
(206 69 65 3/4 0)
(827/4 71 66 1/4 0)
(207 72 67 1/2 0)
(415/2 76 69 1/2 0)
(208 76 69 3/4 0)
(835/4 76 69 1/4 0)
(209 74 68 1/2 0)
(419/2 72 67 1/2 0)
(210 71 66 1/2 0)
(421/2 69 65 1/2 0)
(211 67 64 1 0)
(212 71 66 1 0)
(213 74 68 1 0)
(214 67 64 3/4 0)
(859/4 67 64 1/4 0)
(215 69 65 1 0)
(216 74 68 1/2 0)
(433/2 72 67 1/2 0)
(217 71 66 1 0)
(218 69 65 1 0)
(219 67 64 3 0)
(222 62 61 1/2 0)
(445/2 62 61 1/2 0)
(223 67 64 1 0)
(224 71 66 3/4 0)
(899/4 69 65 1/4 0)
(225 67 64 1 0)
(226 74 68 3/4 0)
(907/4 74 68 1/4 0)
(227 71 66 1 0)
(228 69 65 1 0)
(229 67 64 1 0)
(230 67 64 1/2 0)
(461/2 71 66 1/2 0)
(231 74 68 1 0)
(232 74 68 1/2 0)
(465/2 74 68 1/2 0)
(233 74 68 1 0)
(234 72 67 1/2 0)
(469/2 71 66 1/2 0)
(235 69 65 3 0)
(238 69 65 1/2 0)
(477/2 69 65 1/2 0)
(239 71 66 1/2 0)
(479/2 74 68 1/2 0)
(240 76 69 3/4 0)
(963/4 76 69 1/4 0)
(241 74 68 1/2 0)
(483/2 72 67 1/2 0)
(242 71 66 1/2 0)
(485/2 69 65 1/2 0)
(243 67 64 1 0)
(244 71 66 1 0)
(245 74 68 1 0)
(246 76 69 1/2 0)
(493/2 74 68 1/2 0)
(247 72 67 1 0)
(248 71 66 1/2 0)
(497/2 69 65 1/2 0)
(249 67 64 1 0)
(250 69 65 1/2 0)
(501/2 71 66 1/2 0)
(251 67 64 3 0)
(254 67 64 1 0)
(255 71 66 1/2 0)
(511/2 69 65 1/2 0)
(256 67 64 1 0)
(257 74 68 1 0)
(258 71 66 1 0)
(259 69 65 1 0)
(260 67 64 1 0)
(261 67 64 1/2 0)
(523/2 71 66 1/2 0)
(262 74 68 1 0)
(263 74 68 1/2 0)
(527/2 74 68 1/2 0)
(264 74 68 1 0)
(265 72 67 1/2 0)
(531/2 71 66 1/2 0)
(266 69 65 3 0)
(269 69 65 1/2 0)
(539/2 69 65 1/2 0)
(270 71 66 1 0)
(271 74 68 1/2 0)
(543/2 74 68 1/2 0)
(272 76 69 1 0)
(273 76 69 1/2 0)
(547/2 76 69 1/2 0)
(274 74 68 1 0)
(275 72 67 1 0)
(276 71 66 1 0)
(277 69 65 1/2 0)
(555/2 71 66 1/2 0)
(278 72 67 1 0)
(279 71 66 1/2 0)
(559/2 69 65 1/2 0)
(280 67 64 1 0)
(281 69 65 1 0)
(282 67 64 3 0)
(285 62 61 1/2 0)
(571/2 62 61 1/2 0)
(286 67 64 1 0)
(287 71 66 1/2 0)
(575/2 69 65 1/2 0)
(288 67 64 1 0)
(289 74 68 1/2 0)
(579/2 72 67 1/2 0)
(290 71 66 1 0)
(291 69 65 1 0)
(292 67 64 1 0)
(293 67 64 1/2 0)
(587/2 71 66 1/2 0)
(294 74 68 1 0)
(295 74 68 1/2 0)
(591/2 76 69 1/2 0)
(296 74 68 1 0)
(297 72 67 1/2 0)
(595/2 71 66 1/2 0)
(298 69 65 2 0)
(300 69 65 1/2 0)
(601/2 71 66 1/2 0)
(301 72 67 1 0)
(302 72 67 1/2 0)
(605/2 72 67 1/2 0)
(303 74 68 1/2 0)
(607/2 72 67 1/2 0)
(304 71 66 1/2 0)
(609/2 69 65 1/2 0)
(305 67 64 1 0)
(306 71 66 1 0)
(307 71 66 1 0)
(308 67 64 1/2 0)
(617/2 67 64 1/2 0)
(309 69 65 1/2 0)
(619/2 69 65 1/2 0)
(310 71 66 1/2 0)
(621/2 69 65 1/2 0)
(311 66 63 1 0)
(312 64 62 1/2 0)
(625/2 66 63 1/2 0)
(313 67 64 3 0)
(316 62 61 1/2 0)
(633/2 62 61 1/2 0)
(317 67 64 1 0)
(318 71 66 3/4 0)
(1275/4 71 66 1/4 0)
(319 71 66 1 0)
(320 67 64 3/4 0)
(1283/4 67 64 1/4 0)
(321 69 65 1 0)
(322 71 66 1 0)
(323 69 65 1 0)
(324 67 64 1/2 0)
(649/2 69 65 1/2 0)
(325 71 66 1 0)
(326 74 68 1 0)
(327 74 68 1 0)
(328 72 67 1/2 0)
(657/2 71 66 1/2 0)
(329 69 65 3 0)
(332 69 65 1/2 0)
(665/2 71 66 1/2 0)
(333 72 67 1 0)
(334 76 69 3/4 0)
(1339/4 76 69 1/4 0)
(335 74 68 1/2 0)
(671/2 72 67 1/2 0)
(336 71 66 1/2 0)
(673/2 69 65 1/2 0)
(337 67 64 1 0)
(338 71 66 1 0)
(339 74 68 1 0)
(340 67 64 1/2 0)
(681/2 67 64 1/2 0)
(341 69 65 1/2 0)
(683/2 71 66 1/2 0)
(342 72 67 1/2 0)
(685/2 69 65 1/2 0)
(343 67 64 1 0)
(344 66 63 1 0)
(345 67 64 3 0)
(348 62 61 1/2 0)
(697/2 62 61 1/2 0)
(349 67 64 1 0)
(350 71 66 3/4 0)
(1403/4 69 65 1/4 0)
(351 67 64 1 0)
(352 74 68 1 0)
(353 71 66 1 0)
(354 69 65 1 0)
(355 67 64 1 0)
(356 67 64 1/2 0)
(713/2 71 66 1/2 0)
(357 74 68 1 0)
(358 74 68 1/2 0)
(717/2 76 69 1/2 0)
(359 74 68 1 0)
(360 71 66 1 0)
(361 69 65 2 0)
(363 69 65 1/2 0)
(727/2 71 66 1/2 0)
(364 72 67 1 0)
(365 74 68 1/2 0)
(731/2 74 68 1/2 0)
(366 76 69 1/2 0)
(733/2 76 69 1/2 0)
(367 76 69 1/2 0)
(735/2 76 69 1/2 0)
(368 74 68 1 0)
(369 72 67 1 0)
(370 71 66 1 0)
(371 69 65 1/2 0)
(743/2 71 66 1/2 0)
(372 72 67 1 0)
(373 71 66 1/2 0)
(747/2 69 65 1/2 0)
(374 71 66 1 0)
(375 69 65 1 0)
(376 67 64 3 0)
(379 62 61 1/2 0)
(759/2 62 61 1/2 0)
(380 67 64 1 0)
(381 71 66 1/2 0)
(763/2 67 64 1/2 0)
(382 67 64 1 0)
(383 66 63 1/2 0)
(767/2 67 64 1/2 0)
(384 69 65 3/2 0)
(771/2 71 66 1/2 0)
(386 69 65 1 0)
(387 67 64 1/2 0)
(775/2 69 65 1/2 0)
(388 71 66 1 0)
(389 74 68 1/2 0)
(779/2 74 68 1/2 0)
(390 72 67 1 0)
(391 71 66 1/2 0)
(783/2 71 66 1/2 0)
(392 69 65 2 0)
(394 69 65 1/2 0)
(789/2 71 66 1/2 0)
(395 72 67 1 0)
(396 72 67 1/2 0)
(793/2 72 67 1/2 0)
(397 74 68 1/2 0)
(795/2 72 67 1/2 0)
(398 71 66 1/2 0)
(797/2 69 65 1/2 0)
(399 67 64 1 0)
(400 71 66 1 0)
(401 74 68 1 0)
(402 67 64 1/2 0)
(805/2 67 64 1/2 0)
(403 69 65 1 0)
(404 71 66 1/2 0)
(809/2 69 65 1/2 0)
(405 66 63 1 0)
(406 64 62 1/2 0)
(813/2 66 63 1/2 0)
(407 67 64 2 0)
(409 69 65 1/2 0)
(819/2 71 66 1/2 0)
(410 72 67 1 0)
(411 72 67 1/2 0)
(823/2 72 67 1/2 0)
(412 74 68 1/2 0)
(825/2 72 67 1/2 0)
(413 71 66 1/2 0)
(827/2 69 65 1/2 0)
(414 67 64 1 0)
(415 71 66 1 0)
(416 74 68 1 0)
(417 67 64 1/2 0)
(835/2 67 64 1/2 0)
(418 69 65 1 0)
(419 71 66 1/2 0)
(839/2 69 65 1/2 0)
(420 66 63 1 0)
(421 64 62 1/2 0)
(843/2 66 63 1/2 0)
(422 67 64 2 0)
