(0 62 61 1/2 0)
(1/2 64 62 1/2 0)
(1 66 63 1/2 0)
(3/2 67 64 1/2 0)
(2 66 63 1/2 0)
(5/2 64 62 1/2 0)
(3 64 62 1/2 0)
(7/2 62 61 1/2 0)
(4 62 61 1/2 0)
(9/2 64 62 1/2 0)
(5 62 61 1/2 0)
(11/2 62 61 1/2 0)
(6 67 64 1/2 0)
(13/2 66 63 1/2 0)
(7 67 64 1/2 0)
(15/2 62 61 1 0)
(17/2 64 62 1/2 0)
(9 62 61 1 0)
(10 60 60 1/2 0)
(21/2 59 59 3/2 0)
(12 55 57 1/2 0)
(25/2 59 59 1/2 0)
(13 62 61 1/2 0)
(27/2 67 64 1 0)
(29/2 67 64 1/2 0)
(15 69 65 1 0)
(16 69 65 1/2 0)
(33/2 71 66 3/2 0)
(18 72 67 1/2 0)
(37/2 71 66 1/2 0)
(19 69 65 1/2 0)
(39/2 67 64 1 0)
(41/2 71 66 1/2 0)
(21 69 65 1/2 0)
(43/2 64 62 1/2 0)
(22 66 63 1/2 0)
(45/2 67 64 3/2 0)
(24 62 61 1 0)
(25 62 61 1 0)
(26 64 62 1 0)
(27 66 63 1 0)
(28 67 64 1 0)
(29 66 63 1 0)
(30 64 62 1 0)
(31 64 62 1 0)
(32 62 61 1 0)
(33 62 61 1 0)
(34 64 62 1 0)
(35 62 61 1 0)
(36 62 61 1 0)
(37 67 64 1 0)
(38 59 59 1 0)
(39 60 60 1 0)
(40 62 61 1 0)
(41 64 62 1 0)
(42 62 61 1 0)
(43 60 60 1 0)
(44 64 62 1 0)
(45 60 60 1 0)
(46 59 59 3 0)
(49 62 61 1 0)
(50 64 62 1 0)
(51 66 63 1 0)
(52 67 64 1 0)
(53 67 64 1 0)
(54 59 59 1 0)
(55 57 58 1 0)
(56 59 59 1 0)
(57 60 60 1 0)
(58 59 59 2 0)
(60 62 61 1 0)
(61 60 60 1 0)
(62 59 59 1 0)
(63 69 65 1 0)
(64 67 64 1 0)
(65 66 63 1 0)
(66 67 64 1 0)
(67 62 61 1 0)
(68 64 62 1 0)
(69 66 63 1 0)
(70 67 64 2 0)
(72 62 61 1/2 0)
(145/2 62 61 1/2 0)
(73 64 62 1/2 0)
(147/2 66 63 1/2 0)
(74 67 64 1/2 0)
(149/2 66 63 1/2 0)
(75 64 62 1/2 0)
(151/2 64 62 1/2 0)
(76 62 61 1/2 0)
(153/2 62 61 1/2 0)
(77 64 62 1/2 0)
(155/2 62 61 1/2 0)
(78 62 61 1/2 0)
(157/2 67 64 1/2 0)
(79 59 59 1/2 0)
(159/2 60 60 1/2 0)
(80 62 61 1 0)
(81 62 61 1/2 0)
(163/2 60 60 1/2 0)
(82 64 62 1/2 0)
(165/2 60 60 1/2 0)
(83 59 59 3/2 0)
(169/2 55 57 1/2 0)
(85 59 59 1/2 0)
(171/2 62 61 1/2 0)
(86 67 64 1/2 0)
(173/2 69 65 1/2 0)
(87 71 66 1/2 0)
(175/2 69 65 1 0)
(177/2 62 61 1/2 0)
(89 71 66 1 0)
(90 74 68 1/2 0)
(181/2 72 67 1/2 0)
(91 71 66 1/2 0)
(183/2 69 65 1/2 0)
(92 67 64 1 0)
(93 67 64 1/2 0)
(187/2 62 61 1/2 0)
(94 64 62 1/2 0)
(189/2 66 63 1/2 0)
(95 67 64 1 0)
(96 62 61 1/2 0)
(193/2 61 60 1/2 0)
(97 62 61 1/2 0)
(195/2 67 64 1/2 0)
(98 66 63 1/2 0)
(197/2 64 62 1/2 0)
(99 64 62 1/2 0)
(199/2 62 61 1/2 0)
(100 62 61 1/2 0)
(201/2 64 62 1/2 0)
(101 62 61 1/2 0)
(203/2 62 61 1/2 0)
(102 67 64 1/2 0)
(205/2 66 63 1/2 0)
(103 64 62 1/2 0)
(207/2 62 61 1 0)
(209/2 64 62 1/2 0)
(105 62 61 1 0)
(106 60 60 1/2 0)
(213/2 59 59 3/2 0)
(108 62 61 1/2 0)
(217/2 61 60 1/2 0)
(109 62 61 1/2 0)
(219/2 67 64 3/4 0)
(441/4 66 63 1/4 0)
(221/2 67 64 1/2 0)
(111 69 65 1 0)
(112 69 65 1/2 0)
(225/2 71 66 3/2 0)
(114 72 67 1/2 0)
(229/2 71 66 1/2 0)
(115 69 65 1/2 0)
(231/2 71 66 1 0)
(233/2 71 66 1/2 0)
(117 69 65 1 0)
(118 69 65 1/2 0)
(237/2 67 64 3/2 0)
(120 74 68 1 0)
(121 71 66 1 0)
(122 74 68 1 0)
(123 79 71 1 0)
(124 78 70 1 0)
(125 76 69 1 0)
(126 76 69 1 0)
(127 74 68 1 0)
(128 74 68 2 0)
(130 76 69 1 0)
(131 76 69 1 0)
(132 74 68 1 0)
(133 72 67 1 0)
(134 71 66 1 0)
(135 72 67 1 0)
(136 74 68 2 0)
(138 74 68 1 0)
(139 74 68 2 0)
(141 72 67 1 0)
(142 71 66 1 0)
(143 67 64 1 0)
(144 71 66 1 0)
(145 74 68 1 0)
(146 79 71 2 0)
(148 79 71 1 0)
(149 81 72 2 0)
(151 81 72 1 0)
(152 83 73 1 0)
(153 79 71 1 0)
(154 79 71 1 0)
(155 78 70 1 0)
(156 76 69 1 0)
(157 74 68 1 0)
(158 79 71 1 0)
(159 71 66 1 0)
(160 74 68 1 0)
(161 72 67 1 0)
(162 69 65 1 0)
(163 67 64 2 0)
(165 62 61 1/2 0)
(331/2 64 62 1/2 0)
(166 66 63 1/2 0)
(333/2 67 64 1/2 0)
(167 66 63 1/2 0)
(335/2 64 62 1/2 0)
(168 64 62 1/2 0)
(337/2 62 61 1/2 0)
(169 62 61 1/2 0)
(339/2 64 62 1/2 0)
(170 62 61 1/2 0)
(341/2 62 61 1/2 0)
(171 67 64 1/2 0)
(343/2 67 64 1/2 0)
(172 67 64 1/2 0)
(345/2 62 61 1 0)
(347/2 62 61 1/2 0)
(174 60 60 1 0)
(175 60 60 1/2 0)
(351/2 59 59 3/2 0)
(177 62 61 1/2 0)
(355/2 62 61 1/2 0)
(178 62 61 1/2 0)
(357/2 67 64 1 0)
(359/2 67 64 1/2 0)
(180 69 65 1 0)
(181 62 61 1/2 0)
(363/2 71 66 1 0)
(365/2 74 68 1/2 0)
(183 72 67 1/2 0)
(367/2 71 66 1/2 0)
(184 69 65 1/2 0)
(369/2 67 64 1 0)
(371/2 67 64 1/2 0)
(186 66 63 1/2 0)
(373/2 64 62 1/2 0)
(187 66 63 1/2 0)
(375/2 67 64 3/2 0)
(189 62 61 1/2 0)
(379/2 62 61 1/2 0)
(190 62 61 1 0)
(191 62 61 1 0)
(192 67 64 1 0)
(193 66 63 1 0)
(194 64 62 1 0)
(195 64 62 1 0)
(196 62 61 1 0)
(197 62 61 1 0)
(198 64 62 1 0)
(199 64 62 1 0)
(200 62 61 2 0)
(202 59 59 1/2 0)
(405/2 60 60 1/2 0)
(203 59 59 1 0)
(204 60 60 1 0)
(205 62 61 2 0)
(207 62 61 1 0)
(208 62 61 2 0)
(210 60 60 1 0)
(211 59 59 1 0)
(212 55 57 1/2 0)
(425/2 55 57 1/2 0)
(213 59 59 1 0)
(214 62 61 1 0)
(215 67 64 2 0)
(217 67 64 1 0)
(218 69 65 2 0)
(220 69 65 1 0)
(221 71 66 1 0)
(222 67 64 1 0)
(223 67 64 1/2 0)
(447/2 67 64 1/2 0)
(224 66 63 1 0)
(225 64 62 1 0)
(226 62 61 1 0)
(227 67 64 1 0)
(228 62 61 1 0)
(229 62 61 1 0)
(230 60 60 1 0)
(231 57 58 1 0)
(232 55 57 2 0)
(234 62 61 1/2 0)
(469/2 64 62 1/2 0)
(235 66 63 1/2 0)
(471/2 67 64 1/2 0)
(236 66 63 1/2 0)
(473/2 64 62 1/2 0)
(237 64 62 1/2 0)
(475/2 62 61 1/2 0)
(238 62 61 1/2 0)
(477/2 64 62 1/2 0)
(239 62 61 1/2 0)
(479/2 62 61 1/2 0)
(240 67 64 1/2 0)
(481/2 67 64 1/2 0)
(241 67 64 1/2 0)
(483/2 62 61 1 0)
(485/2 62 61 1/2 0)
(243 64 62 1 0)
(244 62 61 1/2 0)
(489/2 59 59 3/2 0)
(246 55 57 1/2 0)
(493/2 59 59 1/2 0)
(247 62 61 1/2 0)
(495/2 67 64 1/2 0)
(248 67 64 1/2 0)
(497/2 67 64 1/2 0)
(249 69 65 1 0)
(250 69 65 1/2 0)
(501/2 71 66 3/2 0)
(252 72 67 1/2 0)
(505/2 71 66 1/2 0)
(253 69 65 1/2 0)
(507/2 67 64 1 0)
(509/2 67 64 1/2 0)
(255 62 61 1/2 0)
(511/2 64 62 1/2 0)
(256 66 63 1/2 0)
(513/2 67 64 3/2 0)
(258 62 61 1/2 0)
(517/2 62 61 1/2 0)
(259 64 62 1/2 0)
(519/2 66 63 1/2 0)
(260 67 64 1/2 0)
(521/2 66 63 1/2 0)
(261 64 62 1/2 0)
(523/2 64 62 1/2 0)
(262 62 61 1/2 0)
(525/2 62 61 1/2 0)
(263 64 62 1/2 0)
(527/2 62 61 1/2 0)
(264 62 61 1/2 0)
(529/2 67 64 1/2 0)
(265 67 64 1/2 0)
(531/2 67 64 1/2 0)
(266 62 61 1 0)
(267 62 61 1/2 0)
(535/2 64 62 1/2 0)
(268 64 62 1/2 0)
(537/2 62 61 1/2 0)
(269 59 59 3/2 0)
(541/2 55 57 1/2 0)
(271 59 59 1/2 0)
(543/2 62 61 1/2 0)
(272 67 64 1 0)
(273 67 64 1/2 0)
(547/2 69 65 1 0)
(549/2 69 65 1/2 0)
(275 71 66 5/4 0)
(1105/4 71 66 1/4 0)
(553/2 72 67 1/2 0)
(277 71 66 1/2 0)
(555/2 69 65 1/2 0)
(278 67 64 1 0)
(279 67 64 1/2 0)
(559/2 69 65 1/2 0)
(280 67 64 1/2 0)
(561/2 66 63 1/2 0)
(281 67 64 3/2 0)
(565/2 62 61 1/2 0)
(283 64 62 1/2 0)
(567/2 66 63 1/2 0)
(284 67 64 1/2 0)
(569/2 66 63 1/2 0)
(285 64 62 1/2 0)
(571/2 64 62 1/2 0)
(286 62 61 1/2 0)
(573/2 62 61 1/2 0)
(287 64 62 1/2 0)
(575/2 62 61 1/2 0)
(288 62 61 1/2 0)
(577/2 67 64 1/2 0)
(289 66 63 1/2 0)
(579/2 67 64 1/2 0)
(290 62 61 1/2 0)
(581/2 64 62 1/2 0)
(291 62 61 1/2 0)
(583/2 60 60 1/2 0)
(292 64 62 1/2 0)
(585/2 60 60 1/2 0)
(293 59 59 3/2 0)
(589/2 55 57 1/2 0)
(295 59 59 1/2 0)
(591/2 62 61 1/2 0)
(296 71 66 1 0)
(297 71 66 1/2 0)
(595/2 69 65 1 0)
(597/2 69 65 1/2 0)
(299 71 66 3/2 0)
(601/2 72 67 1/2 0)
(301 71 66 1/2 0)
(603/2 69 65 1/2 0)
(302 67 64 3/4 0)
(1211/4 67 64 1/4 0)
(303 67 64 1/2 0)
(607/2 62 61 1/2 0)
(304 64 62 1/2 0)
(609/2 66 63 1/2 0)
(305 67 64 3/2 0)
(613/2 62 61 1/2 0)
(307 64 62 1 0)
(308 64 62 1/2 0)
(617/2 67 64 1/2 0)
(309 66 63 1/2 0)
(619/2 64 62 1/2 0)
(310 67 64 1/2 0)
(621/2 66 63 1/2 0)
(311 64 62 1/2 0)
(623/2 64 62 1/2 0)
(312 62 61 1/2 0)
(625/2 62 61 1/2 0)
(313 67 64 1/2 0)
(627/2 69 65 1/2 0)
(314 67 64 1/2 0)
(629/2 62 61 1 0)
(631/2 64 62 1/2 0)
(316 62 61 1 0)
(317 60 60 1/2 0)
(635/2 59 59 1 0)
(637/2 62 61 1/2 0)
(319 64 62 1 0)
(320 66 63 1/2 0)
(641/2 67 64 1/2 0)
(321 69 65 1/2 0)
(643/2 71 66 1/2 0)
(322 69 65 1 0)
(323 69 65 1/2 0)
(647/2 71 66 3/2 0)
(325 72 67 1/2 0)
(651/2 71 66 1/2 0)
(326 69 65 1/2 0)
(653/2 67 64 1 0)
(655/2 71 66 1/2 0)
(328 69 65 1/2 0)
(657/2 67 64 1/2 0)
(329 66 63 1/2 0)
(659/2 67 64 1 0)
(661/2 67 64 1/2 0)
(331 71 66 1/2 0)
(663/2 74 68 1/2 0)
(332 79 71 1/2 0)
(665/2 78 70 1/2 0)
(333 76 69 1/2 0)
(667/2 76 69 1/2 0)
(334 74 68 1/2 0)
(669/2 74 68 1/2 0)
(335 76 69 1/2 0)
(671/2 74 68 1/2 0)
(336 74 68 1/2 0)
(673/2 79 71 1/2 0)
(337 71 66 1/2 0)
(675/2 71 66 1/2 0)
(338 72 67 1 0)
(339 69 65 1/2 0)
(679/2 67 64 1/2 0)
(340 71 66 1/2 0)
(681/2 76 69 1/2 0)
(341 76 69 1/2 0)
(683/2 74 68 1/2 0)
(342 71 66 1/2 0)
(685/2 67 64 1/2 0)
(343 71 66 1/2 0)
(687/2 74 68 1/2 0)
(344 79 71 1 0)
(345 79 71 1/2 0)
(691/2 79 71 1 0)
(693/2 81 72 1/2 0)
(347 83 73 3/2 0)
(697/2 79 71 1/2 0)
(349 78 70 1/2 0)
(699/2 76 69 1/2 0)
(350 74 68 1/2 0)
(701/2 79 71 1/2 0)
(351 71 66 1/2 0)
(703/2 74 68 1/2 0)
(352 76 69 1/2 0)
(705/2 78 70 1/2 0)
(353 79 71 3/2 0)
(709/2 62 61 1/2 0)
(355 64 62 1/2 0)
(711/2 66 63 1/2 0)
(356 67 64 1/2 0)
(713/2 66 63 1/2 0)
(357 64 62 1/2 0)
(715/2 64 62 1/2 0)
(358 62 61 1/2 0)
(717/2 62 61 1/2 0)
(359 64 62 1/2 0)
(719/2 62 61 1/2 0)
(360 62 61 1/2 0)
(721/2 67 64 1/2 0)
(361 66 63 1/2 0)
(723/2 67 64 1/2 0)
(362 62 61 1 0)
(363 62 61 1/2 0)
(727/2 60 60 1 0)
(729/2 60 60 1/2 0)
(365 59 59 3/2 0)
(733/2 62 61 3/2 0)
(368 62 61 3/2 0)
(739/2 62 61 3/2 0)
(371 67 64 1 0)
(372 67 64 1/2 0)
(745/2 69 65 1 0)
(747/2 64 62 1/2 0)
(374 71 66 3/2 0)
(751/2 72 67 1/2 0)
(376 71 66 1/2 0)
(753/2 69 65 1/2 0)
(377 67 64 1 0)
(378 67 64 1/2 0)
(757/2 66 63 1/2 0)
(379 64 62 1/2 0)
(759/2 66 63 1/2 0)
(380 67 64 3/2 0)
(763/2 67 64 1/2 0)
(382 71 66 1/2 0)
(765/2 74 68 1/2 0)
(383 79 71 1/2 0)
(767/2 78 70 1/2 0)
(384 76 69 1/2 0)
(769/2 76 69 1/2 0)
(385 74 68 1/2 0)
(771/2 74 68 1/2 0)
(386 76 69 1/2 0)
(773/2 74 68 1/2 0)
(387 74 68 1/2 0)
(775/2 71 66 1/2 0)
(388 67 64 1/2 0)
(777/2 74 68 1/2 0)
(389 74 68 1 0)
(390 69 65 1/2 0)
(781/2 72 67 1/2 0)
(391 71 66 1/2 0)
(783/2 69 65 1/2 0)
(392 67 64 1 0)
(393 67 64 1/2 0)
(787/2 71 66 1/2 0)
(394 74 68 1/2 0)
(789/2 79 71 1 0)
(791/2 79 71 1/2 0)
(396 81 72 1 0)
(397 74 68 1/2 0)
(795/2 79 71 1 0)
(797/2 79 71 1/2 0)
(399 78 70 1/2 0)
(799/2 76 69 1/2 0)
(400 69 65 1 0)
(401 72 67 1/2 0)
(803/2 71 66 1 0)
(805/2 69 65 1/2 0)
(403 67 64 3/2 0)
(809/2 74 68 1/2 0)
(405 74 68 1/2 0)
(811/2 76 69 1/2 0)
(406 78 70 1/2 0)
(813/2 79 71 1/2 0)
(407 78 70 3/4 0)
(1631/4 76 69 1/4 0)
(408 76 69 3/4 0)
(1635/4 74 68 1/4 0)
(409 74 68 1/2 0)
(819/2 76 69 1/2 0)
(410 74 68 1/2 0)
(821/2 74 68 1/2 0)
(411 79 71 1/2 0)
(823/2 78 70 1/2 0)
(412 79 71 1/2 0)
(825/2 74 68 1/2 0)
(413 74 68 1/2 0)
(827/2 76 69 1/2 0)
(414 74 68 1 0)
(415 72 67 1/2 0)
(831/2 71 66 1 0)
(833/2 67 64 1/2 0)
(417 67 64 1/2 0)
(835/2 71 66 1/2 0)
(418 74 68 1/2 0)
(837/2 79 71 1 0)
(839/2 79 71 1/2 0)
(420 81 72 1 0)
(421 81 72 1/2 0)
(843/2 83 73 3/2 0)
(423 84 74 1/2 0)
(847/2 83 73 1/2 0)
(424 81 72 1/2 0)
(849/2 79 71 1 0)
(851/2 79 71 1/2 0)
(426 78 70 1/2 0)
(853/2 76 69 1/2 0)
(427 78 70 1/2 0)
(855/2 79 71 1 0)
(857/2 62 61 1/2 0)
(429 64 62 1/2 0)
(859/2 66 63 1/2 0)
(430 67 64 1/2 0)
(861/2 66 63 1/2 0)
(431 64 62 1/2 0)
(863/2 64 62 1/2 0)
(432 62 61 1/2 0)
(865/2 62 61 1/2 0)
(433 64 62 1/2 0)
(867/2 62 61 1/2 0)
(434 62 61 1/2 0)
(869/2 67 64 1/2 0)
(435 66 63 1/2 0)
(871/2 67 64 1/2 0)
(436 62 61 3/4 0)
(1747/4 64 62 1/4 0)
(437 62 61 1/2 0)
(875/2 60 60 1/2 0)
(438 62 61 1/2 0)
(877/2 60 60 1/2 0)
(439 59 59 3/2 0)
(881/2 55 57 1/2 0)
(441 59 59 1/2 0)
(883/2 62 61 1/2 0)
(442 67 64 1 0)
(443 67 64 1/2 0)
(887/2 69 65 1 0)
(889/2 69 65 1/2 0)
(445 71 66 3/2 0)
(893/2 72 67 1/2 0)
(447 72 67 1/2 0)
(895/2 72 67 1/2 0)
(448 71 66 3/4 0)
(1795/4 69 65 1/4 0)
(449 67 64 1/2 0)
(899/2 69 65 1 0)
(901/2 66 63 1/2 0)
(451 67 64 3/2 0)
(905/2 62 61 1/2 0)
(453 64 62 1/2 0)
(907/2 66 63 1/2 0)
(454 67 64 1 0)
(455 62 61 1/2 0)
(911/2 64 62 1/2 0)
(456 62 61 1/2 0)
(913/2 62 61 1/2 0)
(457 64 62 1/2 0)
(915/2 62 61 1/2 0)
(458 62 61 1/2 0)
(917/2 67 64 1/2 0)
(459 59 59 1/2 0)
(919/2 60 60 1/2 0)
(460 62 61 1 0)
(461 64 62 1/4 0)
(1845/4 64 62 1/4 0)
(923/2 62 61 1 0)
(925/2 60 60 1/2 0)
(463 59 59 3/2 0)
(929/2 62 61 1/2 0)
(465 64 62 1/2 0)
(931/2 66 63 1/2 0)
(466 67 64 1 0)
(467 67 64 1/2 0)
(935/2 69 65 1 0)
(937/2 69 65 1/2 0)
(469 71 66 1 0)
(470 74 68 1/2 0)
(941/2 72 67 1/2 0)
(471 71 66 1/2 0)
(943/2 69 65 1/2 0)
(472 67 64 1 0)
(473 71 66 1/4 0)
(1893/4 71 66 1/4 0)
(947/2 69 65 1/2 0)
(474 64 62 1/2 0)
(949/2 66 63 1/2 0)
(475 67 64 3/2 0)
