(0 62 61 1 0)
(1 67 64 1 0)
(2 69 65 1 0)
(3 71 66 3/2 0)
(9/2 71 66 1/2 0)
(5 71 66 3 0)
(8 62 61 1 0)
(9 67 64 1 0)
(10 71 66 1 0)
(11 74 68 3/2 0)
(25/2 76 69 1/2 0)
(13 74 68 1 0)
(14 69 65 2 0)
(16 69 65 1 0)
(17 69 65 1 0)
(18 71 66 1 0)
(19 72 67 3/2 0)
(41/2 74 68 1/2 0)
(21 72 67 1 0)
(22 69 65 1 0)
(23 66 63 1 0)
(24 69 65 1 0)
(25 71 66 3/2 0)
(53/2 69 65 1/2 0)
(27 69 65 1 0)
(28 67 64 2 0)
(30 74 68 3/4 0)
(123/4 74 68 1/4 0)
(31 76 69 1 0)
(32 74 68 1 0)
(33 71 66 1 0)
(34 69 65 1 0)
(35 67 64 1 0)
(36 71 66 1 0)
(37 74 68 3/2 0)
(77/2 76 69 1/2 0)
(39 74 68 1 0)
(40 69 65 1 0)
(41 71 66 1 0)
(42 72 67 1 0)
(43 74 68 3 0)
(46 74 68 1 0)
(47 78 70 3/2 0)
(97/2 76 69 1/2 0)
(49 76 69 1 0)
(50 74 68 1 0)
(51 67 64 1 0)
(52 71 66 1 0)
(53 74 68 3/2 0)
(109/2 76 69 1/2 0)
(55 74 68 1 0)
(56 69 65 1 0)
(57 72 67 1 0)
(58 71 66 1 0)
(59 67 64 3 0)
(62 74 68 1 0)
(63 67 64 1 0)
(64 69 65 1 0)
(65 71 66 3/2 0)
(133/2 71 66 1/2 0)
(67 71 66 3 0)
(70 74 68 1 0)
(71 67 64 1 0)
(72 74 68 1 0)
(73 74 68 3/2 0)
(149/2 76 69 1/2 0)
(75 74 68 2 0)
(77 69 65 1 0)
(78 69 65 1 0)
(79 69 65 1 0)
(80 71 66 1 0)
(81 72 67 3/2 0)
(165/2 72 67 1/2 0)
(83 72 67 3 0)
(86 72 67 1 0)
(87 72 67 1 0)
(88 76 69 1 0)
(89 74 68 3/2 0)
(181/2 69 65 1/2 0)
(91 72 67 2 0)
(93 71 66 1 0)
(94 74 68 1 0)
(95 67 64 1 0)
(96 69 65 1 0)
(97 71 66 3/2 0)
(197/2 71 66 1/2 0)
(99 71 66 2 0)
(101 69 65 1 0)
(102 71 66 1 0)
(103 72 67 1 0)
(104 74 68 1 0)
(105 76 69 1 0)
(106 76 69 1 0)
(107 74 68 3 0)
(110 74 68 1 0)
(111 76 69 3/2 0)
(225/2 76 69 1/2 0)
(113 76 69 1 0)
(114 74 68 1 0)
(115 67 64 1 0)
(116 71 66 1 0)
(117 74 68 1 0)
(118 76 69 1 0)
(119 74 68 1 0)
(120 69 65 1 0)
(121 72 67 1 0)
(122 71 66 1 0)
(123 67 64 3 0)
(126 74 68 1 0)
(127 74 68 3/2 0)
(257/2 74 68 1/2 0)
(129 76 69 1 0)
(130 74 68 1 0)
(131 67 64 2 0)
(133 69 65 1 0)
(134 71 66 1 0)
(135 72 67 1 0)
(136 74 68 1 0)
(137 76 69 3/2 0)
(277/2 76 69 1/2 0)
(139 74 68 2 0)
(141 69 65 1 0)
(142 74 68 1 0)
(143 74 68 1 0)
(144 79 71 1 0)
(145 78 70 1 0)
(146 76 69 1 0)
(147 74 68 2 0)
(149 76 69 1 0)
(150 74 68 1 0)
(151 72 67 1 0)
(152 76 69 1 0)
(153 74 68 3/2 0)
(309/2 72 67 1/2 0)
(155 72 67 2 0)
(157 71 66 1 0)
(158 74 68 1 0)
(159 74 68 3/2 0)
(321/2 74 68 1/2 0)
(161 76 69 1 0)
(162 74 68 1 0)
(163 67 64 2 0)
(165 69 65 1 0)
(166 71 66 1 0)
(167 72 67 1 0)
(168 74 68 1 0)
(169 76 69 2 0)
(171 76 69 2 0)
(173 74 68 2 0)
(175 74 68 1 0)
(176 78 70 1 0)
(177 76 69 1 0)
(178 74 68 1 0)
(179 72 67 1 0)
(180 71 66 1 0)
(181 71 66 1 0)
(182 69 65 1/2 0)
(365/2 72 67 1/2 0)
(183 76 69 1 0)
(184 76 69 1 0)
(185 74 68 2 0)
(187 69 65 2 0)
(189 67 64 2 0)
(191 74 68 1 0)
(192 78 70 1 0)
(193 76 69 1 0)
(194 74 68 1 0)
(195 72 67 1 0)
(196 71 66 1 0)
(197 71 66 1 0)
(198 69 65 1/2 0)
(397/2 72 67 1/2 0)
(199 76 69 1 0)
(200 76 69 1 0)
(201 74 68 2 0)
(203 69 65 2 0)
(205 67 64 2 0)
(207 74 68 1 0)
(208 67 64 1 0)
(209 69 65 1 0)
(210 71 66 3/2 0)
(423/2 69 65 1/2 0)
(212 71 66 3 0)
(215 74 68 1 0)
(216 67 64 1 0)
(217 76 69 1 0)
(218 74 68 3/2 0)
(439/2 74 68 1/2 0)
(220 74 68 1 0)
(221 69 65 2 0)
(223 69 65 1 0)
(224 69 65 1 0)
(225 71 66 1 0)
(226 72 67 3/2 0)
(455/2 72 67 1/2 0)
(228 72 67 3 0)
(231 72 67 1 0)
(232 72 67 1 0)
(233 76 69 1 0)
(234 74 68 3/2 0)
(471/2 72 67 1/2 0)
(236 72 67 1 0)
(237 71 66 2 0)
(239 74 68 1 0)
(240 67 64 1 0)
(241 69 65 1 0)
(242 71 66 3/2 0)
(487/2 71 66 1/2 0)
(244 71 66 2 0)
(246 69 65 1 0)
(247 71 66 1 0)
(248 72 67 1 0)
(249 74 68 1 0)
(250 76 69 1 0)
(251 76 69 1 0)
(252 74 68 3 0)
(255 74 68 1 0)
(256 76 69 3/2 0)
(515/2 76 69 1/2 0)
(258 76 69 1 0)
(259 74 68 1 0)
(260 67 64 1 0)
(261 71 66 1 0)
(262 74 68 3/2 0)
(527/2 76 69 1/2 0)
(264 74 68 1 0)
(265 69 65 1 0)
(266 76 69 1 0)
(267 74 68 1 0)
(268 71 66 3 0)
(271 74 68 1 0)
(272 76 69 3/2 0)
(547/2 76 69 1/2 0)
(274 76 69 1 0)
(275 74 68 1 0)
(276 67 64 1 0)
(277 71 66 1 0)
(278 74 68 3/2 0)
(559/2 76 69 1/2 0)
(280 74 68 1 0)
(281 69 65 1 0)
(282 72 67 1 0)
(283 71 66 1 0)
(284 67 64 3 0)
(287 67 64 1 0)
(288 67 64 1 0)
(289 69 65 1 0)
(290 71 66 3/2 0)
(583/2 71 66 1/2 0)
(292 71 66 2 0)
(294 74 68 3/4 0)
(1179/4 74 68 1/4 0)
(295 67 64 1 0)
(296 76 69 1 0)
(297 74 68 3/2 0)
(597/2 74 68 1/2 0)
(299 74 68 2 0)
(301 69 65 1 0)
(302 69 65 3/4 0)
(1211/4 69 65 1/4 0)
(303 69 65 1 0)
(304 71 66 1 0)
(305 72 67 3/2 0)
(613/2 72 67 1/2 0)
(307 72 67 2 0)
(309 72 67 1 0)
(310 72 67 1 0)
(311 76 69 1 0)
(312 74 68 3/2 0)
(627/2 72 67 1/2 0)
(314 72 67 2 0)
(316 71 66 1 0)
(317 74 68 1 0)
(318 67 64 1 0)
(319 69 65 1 0)
(320 71 66 3/2 0)
(643/2 71 66 1/2 0)
(322 71 66 2 0)
(324 69 65 1 0)
(325 71 66 1 0)
(326 72 67 1 0)
(327 74 68 1 0)
(328 76 69 1 0)
(329 76 69 1 0)
(330 74 68 2 0)
(332 74 68 1 0)
(333 76 69 3/2 0)
(669/2 76 69 1/2 0)
(335 76 69 1 0)
(336 74 68 1 0)
(337 67 64 1 0)
(338 71 66 1 0)
(339 74 68 3/2 0)
(681/2 76 69 1/2 0)
(341 74 68 1 0)
(342 69 65 1 0)
(343 72 67 1 0)
(344 71 66 1 0)
(345 67 64 2 0)
(347 74 68 1 0)
(348 76 69 3/2 0)
(699/2 76 69 1/2 0)
(350 76 69 1 0)
(351 74 68 1 0)
(352 67 64 1 0)
(353 71 66 1 0)
(354 74 68 3/2 0)
(711/2 76 69 1/2 0)
(356 74 68 1 0)
(357 69 65 1 0)
(358 72 67 1 0)
(359 71 66 1 0)
(360 67 64 2 0)
(362 74 68 1 0)
(363 74 68 1 0)
(364 74 68 1 0)
(365 71 66 3/2 0)
(733/2 71 66 1/2 0)
(367 71 66 2 0)
(369 69 65 1/2 0)
(739/2 69 65 1/2 0)
(370 67 64 1 0)
(371 71 66 1 0)
(372 74 68 3/2 0)
(747/2 76 69 1/2 0)
(374 74 68 1 0)
(375 69 65 1 0)
(376 69 65 1/2 0)
(753/2 69 65 1/2 0)
(377 69 65 1 0)
(378 71 66 1 0)
(379 72 67 3/2 0)
(761/2 72 67 1/2 0)
(381 72 67 2 0)
(383 72 67 1 0)
(384 72 67 1 0)
(385 76 69 1 0)
(386 74 68 3/2 0)
(775/2 72 67 1/2 0)
(388 72 67 1 0)
(389 71 66 1 0)
(390 74 68 1 0)
(391 74 68 1 0)
(392 74 68 1 0)
(393 71 66 3/2 0)
(789/2 71 66 1/2 0)
(395 71 66 2 0)
(397 69 65 1 0)
(398 71 66 1 0)
(399 72 67 1 0)
(400 74 68 1 0)
(401 76 69 1 0)
(402 76 69 1 0)
(403 74 68 2 0)
(405 74 68 1 0)
(406 76 69 3/2 0)
(815/2 76 69 1/2 0)
(408 76 69 1 0)
(409 74 68 1 0)
(410 67 64 1 0)
(411 71 66 1 0)
(412 74 68 3/2 0)
(827/2 76 69 1/2 0)
(414 74 68 1 0)
(415 74 68 1 0)
(416 76 69 1 0)
(417 74 68 1 0)
(418 71 66 3 0)
(421 74 68 1 0)
(422 76 69 3/2 0)
(847/2 76 69 1/2 0)
(424 76 69 1 0)
(425 74 68 1 0)
(426 67 64 1 0)
(427 71 66 1 0)
(428 74 68 3/2 0)
(859/2 76 69 1/2 0)
(430 74 68 1 0)
(431 69 65 1 0)
(432 72 67 1 0)
(433 71 66 1 0)
(434 67 64 2 0)
(436 67 64 1/2 0)
(873/2 71 66 3/2 0)
(438 69 65 1/2 0)
(877/2 71 66 3/2 0)
(440 69 65 1/2 0)
(881/2 67 64 3 0)
(887/2 62 61 1/2 0)
(444 67 64 1/2 0)
(889/2 67 64 3/2 0)
(446 71 66 1/2 0)
(893/2 74 68 3/2 0)
(448 76 69 1/2 0)
(897/2 74 68 1 0)
(899/2 69 65 1 0)
(901/2 69 65 1 0)
(903/2 71 66 1 0)
(905/2 74 68 1 0)
(907/2 72 67 1 0)
(909/2 71 66 1 0)
(911/2 69 65 1 0)
(913/2 71 66 1/2 0)
(457 72 67 1/2 0)
(915/2 71 66 1 0)
(917/2 69 65 1 0)
(919/2 67 64 3/2 0)
(461 71 66 1/2 0)
(923/2 74 68 3/2 0)
(463 76 69 1/2 0)
(927/2 74 68 1 0)
(929/2 69 65 1 0)
(931/2 69 65 1 0)
(933/2 71 66 1 0)
(935/2 74 68 1 0)
(937/2 71 66 1 0)
(939/2 69 65 1 0)
(941/2 67 64 1 0)
(943/2 71 66 1 0)
(945/2 69 65 1 0)
(947/2 67 64 1 0)
(949/2 66 63 3/2 0)
(476 69 65 1/2 0)
(953/2 74 68 3/2 0)
(478 76 69 1/2 0)
(957/2 74 68 3 0)
(963/2 74 68 1 0)
(965/2 76 69 3/2 0)
(484 71 66 1/2 0)
(969/2 76 69 1 0)
(971/2 74 68 1 0)
(973/2 67 64 1 0)
(975/2 71 66 1 0)
(977/2 74 68 3/2 0)
(490 76 69 1/2 0)
(981/2 74 68 1 0)
(983/2 69 65 1 0)
(985/2 72 67 1 0)
(987/2 71 66 1 0)
(989/2 67 64 3 0)
(995/2 74 68 3/4 0)
(1993/4 74 68 1/4 0)
(997/2 76 69 1/2 0)
(499 74 68 1/2 0)
(999/2 72 67 3/2 0)
(501 72 67 1/2 0)
(1003/2 71 66 3/4 0)
(2009/4 74 68 1/4 0)
(1005/2 79 71 3/4 0)
(2013/4 71 66 1/4 0)
(1007/2 71 66 1 0)
(1009/2 69 65 1/2 0)
(505 74 68 1/2 0)
(1011/2 79 71 1/2 0)
(506 78 70 1/2 0)
(1013/2 76 69 1/2 0)
(507 74 68 1/2 0)
(1015/2 72 67 3/2 0)
(509 72 67 1/2 0)
(1019/2 71 66 1/2 0)
(510 74 68 1/2 0)
(1021/2 79 71 3/4 0)
(2045/4 71 66 1/4 0)
(1023/2 71 66 1 0)
(1025/2 69 65 1/2 0)
(513 69 65 1/2 0)
(1027/2 67 64 1/2 0)
(514 69 65 1/2 0)
(1029/2 71 66 1/2 0)
(515 76 69 1/2 0)
(1031/2 74 68 1/2 0)
(516 71 66 1/2 0)
(1033/2 67 64 1/2 0)
(517 74 68 1/2 0)
(1035/2 76 69 3/4 0)
(2073/4 76 69 1/4 0)
(1037/2 78 70 1/2 0)
(519 79 71 1/2 0)
(1039/2 74 68 3/2 0)
(521 74 68 1/2 0)
(1043/2 79 71 1/2 0)
(522 78 70 1/2 0)
(1045/2 76 69 1/2 0)
(523 74 68 1/2 0)
(1047/2 72 67 1/2 0)
(524 74 68 1/2 0)
(1049/2 76 69 3/4 0)
(2101/4 76 69 1/4 0)
(1051/2 74 68 1/2 0)
(526 71 66 1/2 0)
(1053/2 74 68 1/2 0)
(527 69 65 1/2 0)
(1055/2 67 64 2 0)
