(0 67 64 1 0)
(1 71 66 1/2 0)
(3/2 74 68 1 0)
(5/2 74 68 1/2 0)
(3 76 69 1/2 0)
(7/2 74 68 1/2 0)
(4 74 68 1/2 0)
(9/2 76 69 1/2 0)
(5 74 68 1/2 0)
(11/2 74 68 1/2 0)
(6 71 66 1/2 0)
(13/2 71 66 1/2 0)
(7 74 68 1/2 0)
(15/2 74 68 3/2 0)
(9 72 67 3/2 0)
(21/2 69 65 1/2 0)
(11 69 65 1/2 0)
(23/2 76 69 1/2 0)
(12 76 69 3/2 0)
(27/2 74 68 3/2 0)
(15 71 66 1 0)
(16 74 68 1/2 0)
(33/2 79 71 1 0)
(35/2 79 71 1/2 0)
(18 78 70 1 0)
(19 78 70 1/2 0)
(39/2 76 69 3/2 0)
(21 76 69 1/2 0)
(43/2 76 69 1/2 0)
(22 76 69 1/2 0)
(45/2 79 71 1/2 0)
(23 78 70 1/2 0)
(47/2 76 69 1/2 0)
(24 74 68 1 0)
(25 72 67 1/2 0)
(51/2 71 66 3/2 0)
(27 67 64 1/2 0)
(55/2 67 64 1 0)
(57/2 71 66 1/2 0)
(29 74 68 1 0)
(30 74 68 1/2 0)
(61/2 76 69 1 0)
(63/2 76 69 1/2 0)
(32 74 68 1 0)
(33 71 66 1/2 0)
(67/2 71 66 1/2 0)
(34 71 66 1/2 0)
(69/2 74 68 1/2 0)
(35 74 68 3/2 0)
(73/2 72 67 3/2 0)
(38 72 67 1/2 0)
(77/2 72 67 1/2 0)
(39 72 67 1/2 0)
(79/2 76 69 1/2 0)
(40 76 69 3/2 0)
(83/2 74 68 3/2 0)
(43 71 66 1/2 0)
(87/2 71 66 1 0)
(89/2 74 68 1/2 0)
(45 79 71 1 0)
(46 79 71 1/2 0)
(93/2 78 70 1 0)
(95/2 76 69 1/2 0)
(48 74 68 1 0)
(49 69 65 1/2 0)
(99/2 69 65 1/2 0)
(50 72 67 1/2 0)
(101/2 74 68 1/2 0)
(51 78 70 1/2 0)
(103/2 78 70 1/2 0)
(52 76 69 1/2 0)
(105/2 74 68 1 0)
(107/2 72 67 1/2 0)
(54 71 66 1 0)
(55 74 68 1/2 0)
(111/2 74 68 1/2 0)
(56 74 68 1/2 0)
(113/2 74 68 1 0)
(115/2 74 68 1/2 0)
(58 76 69 1/2 0)
(117/2 74 68 1/2 0)
(59 74 68 1/2 0)
(119/2 76 69 1/2 0)
(60 74 68 1/2 0)
(121/2 74 68 1/2 0)
(61 71 66 1/2 0)
(123/2 71 66 1/2 0)
(62 74 68 1/2 0)
(125/2 74 68 3/2 0)
(64 72 67 3/2 0)
(131/2 72 67 1/2 0)
(66 72 67 1/2 0)
(133/2 76 69 1/2 0)
(67 76 69 3/2 0)
(137/2 74 68 3/2 0)
(70 67 64 1 0)
(71 71 66 1/2 0)
(143/2 74 68 1 0)
(145/2 74 68 1/2 0)
(73 79 71 1 0)
(74 79 71 1/2 0)
(149/2 78 70 3/2 0)
(76 76 69 1/2 0)
(153/2 76 69 1/2 0)
(77 76 69 1/2 0)
(155/2 79 71 1/2 0)
(78 78 70 1/2 0)
(157/2 76 69 1/2 0)
(79 74 68 1 0)
(80 72 67 1/2 0)
(161/2 71 66 3/2 0)
(82 74 68 1 0)
(83 74 68 1/2 0)
(167/2 76 69 1 0)
(169/2 74 68 1/2 0)
(85 76 69 1/2 0)
(171/2 74 68 1/2 0)
(86 74 68 1/2 0)
(173/2 76 69 1/2 0)
(87 74 68 1/2 0)
(175/2 74 68 1/2 0)
(88 71 66 1/2 0)
(177/2 71 66 1/2 0)
(89 74 68 1/2 0)
(179/2 74 68 3/2 0)
(91 72 67 3/2 0)
(185/2 69 65 1/2 0)
(93 69 65 1/2 0)
(187/2 76 69 1/2 0)
(94 76 69 3/2 0)
(191/2 74 68 3/2 0)
(97 71 66 1 0)
(98 74 68 1/2 0)
(197/2 74 68 1 0)
(199/2 79 71 1/2 0)
(100 78 70 1 0)
(101 78 70 1/2 0)
(203/2 76 69 3/2 0)
(103 74 68 1/2 0)
(207/2 74 68 1/2 0)
(104 74 68 1/2 0)
(209/2 79 71 1/2 0)
(105 78 70 1/2 0)
(211/2 76 69 1/4 0)
(423/4 76 69 1/4 0)
(106 74 68 1 0)
(107 72 67 1/2 0)
(215/2 71 66 3/2 0)
(109 67 64 1 0)
(110 71 66 1/2 0)
(221/2 74 68 1 0)
(223/2 74 68 1/2 0)
(112 76 69 1/2 0)
(225/2 74 68 1/2 0)
(113 74 68 1/2 0)
(227/2 76 69 1/2 0)
(114 74 68 1/2 0)
(229/2 74 68 1/2 0)
(115 71 66 1/2 0)
(231/2 71 66 1/2 0)
(116 74 68 1/2 0)
(233/2 74 68 3/2 0)
(118 72 67 3/2 0)
(239/2 72 67 1/2 0)
(120 74 68 1/2 0)
(241/2 76 69 1/2 0)
(121 76 69 3/2 0)
(245/2 74 68 3/2 0)
(124 67 64 1 0)
(125 71 66 1/2 0)
(251/2 74 68 1 0)
(253/2 79 71 1/2 0)
(127 81 72 1 0)
(128 79 71 1/2 0)
(257/2 76 69 3/2 0)
(130 78 70 1/2 0)
(261/2 78 70 1/2 0)
(131 76 69 1/2 0)
(263/2 74 68 1/2 0)
(132 74 68 1/2 0)
(265/2 76 69 1/2 0)
(133 74 68 1 0)
(134 72 67 1/2 0)
(269/2 71 66 3/2 0)
(136 67 64 1 0)
(137 71 66 1/2 0)
(275/2 74 68 1 0)
(277/2 74 68 1/2 0)
(139 76 69 1/2 0)
(279/2 74 68 1/2 0)
(140 74 68 1/2 0)
(281/2 76 69 1/2 0)
(141 74 68 1/2 0)
(283/2 74 68 1/2 0)
(142 71 66 1/2 0)
(285/2 71 66 1/2 0)
(143 74 68 1/2 0)
(287/2 74 68 3/2 0)
(145 72 67 3 0)
(148 72 67 1/2 0)
(297/2 72 67 1/2 0)
(149 76 69 1/2 0)
(299/2 76 69 1 0)
(301/2 79 71 1/2 0)
(151 74 68 3 0)
(154 67 64 1 0)
(155 71 66 1/2 0)
(311/2 74 68 1 0)
(313/2 79 71 1/2 0)
(157 78 70 1 0)
(158 78 70 1/2 0)
(317/2 76 69 3/2 0)
(160 76 69 1/2 0)
(321/2 76 69 1/2 0)
(161 76 69 1/2 0)
(323/2 79 71 1/2 0)
(162 78 70 1/2 0)
(325/2 76 69 1/2 0)
(163 74 68 1 0)
(164 72 67 1/2 0)
(329/2 71 66 3/2 0)
(166 67 64 1 0)
(167 71 66 1/2 0)
(335/2 74 68 1 0)
(337/2 74 68 1/2 0)
(169 76 69 1/2 0)
(339/2 74 68 1/2 0)
(170 74 68 1/2 0)
(341/2 76 69 1/2 0)
(171 74 68 1/2 0)
(343/2 74 68 1/2 0)
(172 71 66 1/2 0)
(345/2 69 65 1/2 0)
(173 71 66 1/2 0)
(347/2 74 68 3/2 0)
(175 72 67 3/2 0)
(353/2 72 67 1/2 0)
(177 74 68 1/2 0)
(355/2 76 69 1/2 0)
(178 76 69 3/2 0)
(359/2 74 68 3/2 0)
(181 67 64 1 0)
(182 71 66 1/2 0)
(365/2 74 68 1 0)
(367/2 79 71 1/2 0)
(184 78 70 1 0)
(185 76 69 1/2 0)
(371/2 76 69 3/2 0)
(187 76 69 1/2 0)
(375/2 74 68 1/2 0)
(188 76 69 1/2 0)
(377/2 79 71 1/2 0)
(189 78 70 1/2 0)
(379/2 76 69 1/2 0)
(190 74 68 1/2 0)
(381/2 74 68 1/2 0)
(191 72 67 1/2 0)
(383/2 71 66 3/2 0)
(193 67 64 1/2 0)
(387/2 67 64 1/2 0)
(194 71 66 1/2 0)
(389/2 74 68 1 0)
(391/2 74 68 1/2 0)
(196 76 69 1/2 0)
(393/2 74 68 1/2 0)
(197 74 68 1/2 0)
(395/2 76 69 1/2 0)
(198 74 68 1/2 0)
(397/2 74 68 1/2 0)
(199 67 64 1/2 0)
(399/2 71 66 1/2 0)
(200 74 68 1/2 0)
(401/2 74 68 3/2 0)
(202 72 67 3/2 0)
(407/2 72 67 1/2 0)
(204 74 68 1/2 0)
(409/2 76 69 1/2 0)
(205 76 69 1 0)
(206 78 70 1/2 0)
(413/2 74 68 3/2 0)
(208 67 64 1/2 0)
(417/2 71 66 1/2 0)
(209 74 68 1/2 0)
(419/2 79 71 1 0)
(421/2 79 71 1/2 0)
(211 78 70 1 0)
(212 78 70 1/2 0)
(425/2 76 69 3/2 0)
(214 79 71 3/4 0)
(859/4 79 71 1/4 0)
(215 79 71 1/2 0)
(431/2 78 70 1 0)
(433/2 76 69 1/2 0)
(217 74 68 1 0)
(218 72 67 1/2 0)
(437/2 71 66 3/2 0)
(220 74 68 1/2 0)
(441/2 74 68 1/2 0)
(221 74 68 1/2 0)
(443/2 74 68 1/2 0)
(222 74 68 1/2 0)
(445/2 73 67 1/2 0)
(223 74 68 1/2 0)
(447/2 76 69 1/2 0)
(224 74 68 1/2 0)
(449/2 74 68 1/2 0)
(225 76 69 1/2 0)
(451/2 74 68 1/2 0)
(226 74 68 1/2 0)
(453/2 67 64 1/2 0)
(227 69 65 1/2 0)
(455/2 71 66 1/2 0)
(228 76 69 1/2 0)
(457/2 76 69 1/2 0)
(229 76 69 1/2 0)
(459/2 74 68 1 0)
(461/2 72 67 1/2 0)
(231 71 66 3/2 0)
(465/2 74 68 1 0)
(467/2 74 68 1/2 0)
(234 79 71 3/4 0)
(939/4 79 71 1/4 0)
(235 79 71 1/2 0)
(471/2 81 72 1 0)
(473/2 81 72 1/2 0)
(237 83 73 3/2 0)
(477/2 79 71 1/2 0)
(239 78 70 1/2 0)
(479/2 76 69 1/2 0)
(240 74 68 1/2 0)
(481/2 74 68 1/2 0)
(241 83 73 1/2 0)
(483/2 81 72 1/2 0)
(242 76 69 1/2 0)
(485/2 78 70 1/2 0)
(243 79 71 3/2 0)
(489/2 74 68 1/2 0)
(245 74 68 1/2 0)
(491/2 76 69 1/2 0)
(246 74 68 1/2 0)
(493/2 74 68 1/2 0)
(247 76 69 1/2 0)
(495/2 74 68 1/2 0)
(248 74 68 1/2 0)
(497/2 76 69 1/2 0)
(249 74 68 1/2 0)
(499/2 74 68 1/2 0)
(250 67 64 1 0)
(251 71 66 1/2 0)
(503/2 76 69 1 0)
(505/2 76 69 1/2 0)
(253 74 68 1 0)
(254 72 67 1/2 0)
(509/2 71 66 3/2 0)
(256 74 68 1/2 0)
(513/2 74 68 1/2 0)
(257 74 68 1/2 0)
(515/2 79 71 1/2 0)
(258 79 71 1/2 0)
(517/2 81 72 1 0)
(519/2 81 72 1/2 0)
(260 83 73 3/4 0)
(1043/4 81 72 1/4 0)
(261 79 71 1/2 0)
(523/2 79 71 1/2 0)
(262 78 70 1/2 0)
(525/2 76 69 1/2 0)
(263 74 68 1 0)
(264 83 73 1/2 0)
(529/2 81 72 1/2 0)
(265 76 69 1/2 0)
(531/2 78 70 1/2 0)
(266 79 71 3/2 0)
(535/2 74 68 1 0)
(537/2 74 68 1/2 0)
(269 74 68 1 0)
(270 74 68 1/2 0)
(541/2 76 69 1/2 0)
(271 74 68 1/2 0)
(543/2 74 68 1/2 0)
(272 71 66 3/4 0)
(1091/4 71 66 1/4 0)
(273 74 68 1/2 0)
(547/2 74 68 3/2 0)
(275 72 67 3 0)
(278 72 67 3/4 0)
(1115/4 72 67 1/4 0)
(279 76 69 1/2 0)
(559/2 76 69 1/2 0)
(280 79 71 1 0)
(281 74 68 3/2 0)
(565/2 74 68 1 0)
(567/2 79 71 1/2 0)
(284 78 70 1 0)
(285 78 70 1/2 0)
(571/2 76 69 1 0)
(573/2 76 69 1/2 0)
(287 74 68 3/2 0)
(577/2 74 68 1 0)
(579/2 76 69 1/2 0)
(290 78 70 1/2 0)
(581/2 76 69 1/2 0)
(291 74 68 1/2 0)
(583/2 74 68 1 0)
(585/2 72 67 1/2 0)
(293 67 64 3/2 0)
(589/2 67 64 1 0)
(591/2 71 66 1/2 0)
(296 74 68 1 0)
(297 74 68 1/2 0)
(595/2 76 69 1/2 0)
(298 74 68 1/2 0)
(597/2 74 68 1/2 0)
(299 76 69 1/2 0)
(599/2 74 68 1/2 0)
(300 74 68 1/2 0)
(601/2 71 66 1/2 0)
(301 71 66 1/2 0)
(603/2 69 65 1/4 0)
(1207/4 74 68 1/4 0)
(302 74 68 3/2 0)
(607/2 72 67 3/2 0)
(305 69 65 1/2 0)
(611/2 69 65 1/2 0)
(306 76 69 1/4 0)
(1225/4 76 69 1/4 0)
(613/2 76 69 3/2 0)
(308 74 68 3/2 0)
(619/2 71 66 1 0)
(621/2 71 66 1/2 0)
(311 74 68 1 0)
(312 74 68 1/2 0)
(625/2 79 71 1 0)
(627/2 78 70 1/2 0)
(314 76 69 3/2 0)
(631/2 76 69 1/2 0)
(316 76 69 1/2 0)
(633/2 76 69 1/2 0)
(317 79 71 1/2 0)
(635/2 78 70 1/2 0)
(318 76 69 1/2 0)
(637/2 74 68 1 0)
(639/2 72 67 1/2 0)
(320 71 66 3/2 0)
(643/2 67 64 1/2 0)
(322 71 66 1/2 0)
(645/2 74 68 1/2 0)
(323 74 68 1/2 0)
(647/2 76 69 1/2 0)
(324 74 68 1/2 0)
(649/2 74 68 1/2 0)
(325 76 69 1/2 0)
(651/2 74 68 1/2 0)
(326 74 68 1/2 0)
(653/2 67 64 1/2 0)
(327 74 68 1/2 0)
(655/2 74 68 1/2 0)
(328 76 69 1/2 0)
(657/2 74 68 1/2 0)
(329 74 68 1/4 0)
(1317/4 74 68 1/4 0)
(659/2 76 69 1/2 0)
(330 74 68 1/2 0)
(661/2 71 66 2 0)
(665/2 71 66 1 0)
(667/2 74 68 1/2 0)
(334 79 71 1 0)
(335 79 71 1/2 0)
(671/2 78 70 1 0)
(673/2 81 72 1/2 0)
(337 79 71 3/2 0)
(677/2 79 71 1/2 0)
(339 78 70 1/2 0)
(679/2 76 69 1/2 0)
(340 74 68 1/2 0)
(681/2 71 66 1/2 0)
(341 71 66 1/2 0)
(683/2 74 68 1/2 0)
(342 72 67 1/2 0)
(685/2 69 65 1/2 0)
(343 67 64 3/2 0)
(689/2 67 64 1 0)
(691/2 71 66 1/2 0)
(346 74 68 1 0)
(347 74 68 1/2 0)
(695/2 76 69 1/2 0)
(348 74 68 1/2 0)
(697/2 74 68 1/2 0)
(349 76 69 1/2 0)
(699/2 74 68 1/2 0)
(350 74 68 1/2 0)
(701/2 71 66 1/2 0)
(351 71 66 1/2 0)
(703/2 74 68 1/2 0)
(352 74 68 3/2 0)
(707/2 72 67 1 0)
(709/2 74 68 1/2 0)
(355 76 69 1 0)
(356 74 68 1/2 0)
(713/2 71 66 3/2 0)
(358 67 64 1 0)
(359 71 66 1/2 0)
(719/2 74 68 1 0)
(721/2 79 71 1/2 0)
(361 79 71 1 0)
(362 78 70 1/2 0)
(725/2 76 69 3/2 0)
(364 76 69 1/2 0)
(729/2 78 70 1/2 0)
(365 79 71 1/2 0)
(731/2 79 71 1/2 0)
(366 78 70 1/2 0)
(733/2 76 69 1/2 0)
(367 74 68 1 0)
(368 72 67 1/2 0)
(737/2 71 66 3/2 0)
(370 67 64 1 0)
(371 71 66 1/2 0)
(743/2 74 68 1/2 0)
(372 74 68 1/2 0)
(745/2 74 68 1/2 0)
(373 76 69 1/2 0)
(747/2 74 68 1/2 0)
(374 74 68 1/2 0)
(749/2 76 69 1/2 0)
(375 74 68 1/2 0)
(751/2 74 68 1/2 0)
(376 71 66 1/2 0)
(753/2 71 66 1/2 0)
(377 74 68 1/2 0)
(755/2 74 68 3/2 0)
(379 72 67 3/2 0)
(761/2 69 65 1/2 0)
(381 69 65 1/2 0)
(763/2 76 69 1/2 0)
(382 76 69 3/2 0)
(767/2 74 68 3/2 0)
(385 71 66 1 0)
(386 74 68 1/2 0)
(773/2 79 71 1/2 0)
(387 79 71 1/2 0)
(775/2 79 71 1/2 0)
(388 81 72 1 0)
(389 81 72 1/2 0)
(779/2 83 73 3/2 0)
(391 79 71 1/2 0)
(783/2 78 70 1/2 0)
(392 76 69 1/2 0)
(785/2 74 68 1 0)
(787/2 79 71 1/2 0)
(394 78 70 1 0)
(395 81 72 1/2 0)
(791/2 79 71 3/2 0)
(397 67 64 1 0)
(398 71 66 1/2 0)
(797/2 74 68 1 0)
(799/2 74 68 1/2 0)
(400 76 69 1/2 0)
(801/2 74 68 1/2 0)
(401 74 68 1/2 0)
(803/2 76 69 1/2 0)
(402 74 68 1/2 0)
(805/2 74 68 1/2 0)
(403 71 66 1 0)
(404 74 68 1/2 0)
(809/2 74 68 3/2 0)
(406 72 67 3 0)
(409 72 67 1 0)
(410 76 69 1/2 0)
(821/2 76 69 3/2 0)
(412 74 68 3 0)
(415 67 64 1 0)
(416 71 66 1/2 0)
(833/2 74 68 1 0)
(835/2 79 71 1/2 0)
(418 78 70 1 0)
(419 78 70 1/2 0)
(839/2 76 69 3/2 0)
(421 76 69 1 0)
(422 78 70 1/2 0)
(845/2 79 71 1/2 0)
(423 78 70 1/2 0)
(847/2 76 69 1/2 0)
(424 74 68 1 0)
(425 72 67 1/2 0)
(851/2 71 66 3/2 0)
(427 67 64 1 0)
(428 71 66 1/2 0)
(857/2 74 68 1 0)
(859/2 74 68 1/2 0)
(430 76 69 1/2 0)
(861/2 74 68 1/2 0)
(431 74 68 1/2 0)
(863/2 76 69 1/2 0)
(432 74 68 1/2 0)
(865/2 74 68 1/2 0)
(433 71 66 1/2 0)
(867/2 71 66 1/2 0)
(434 74 68 1/2 0)
(869/2 74 68 3/2 0)
(436 72 67 3/2 0)
(875/2 69 65 1/2 0)
(438 69 65 1/2 0)
(877/2 76 69 1/2 0)
(439 76 69 3/2 0)
(881/2 74 68 3/2 0)
(442 71 66 1 0)
(443 74 68 1/2 0)
(887/2 79 71 1 0)
(889/2 79 71 1/2 0)
(445 78 70 1 0)
(446 77 70 1/2 0)
(893/2 76 69 3/2 0)
(448 79 71 1/2 0)
(897/2 78 70 1/2 0)
(449 76 69 1/2 0)
(899/2 74 68 1/2 0)
(450 73 67 1/2 0)
(901/2 74 68 1/2 0)
(451 76 69 1 0)
(452 78 70 1/2 0)
(905/2 79 71 3/2 0)
(454 67 64 1 0)
(455 71 66 1/2 0)
(911/2 74 68 1 0)
(913/2 74 68 1/2 0)
(457 76 69 1/2 0)
(915/2 74 68 1/2 0)
(458 74 68 1/2 0)
(917/2 76 69 1/2 0)
(459 74 68 1/2 0)
(919/2 74 68 1/2 0)
(460 71 66 1/2 0)
(921/2 71 66 1/2 0)
(461 74 68 1/2 0)
(923/2 74 68 3/2 0)
(463 72 67 3/2 0)
(929/2 72 67 1/2 0)
(465 74 68 1/2 0)
(931/2 76 69 1/2 0)
(466 76 69 1 0)
(467 79 71 1/2 0)
(935/2 74 68 3/2 0)
(469 71 66 1 0)
(470 74 68 1/2 0)
(941/2 79 71 1 0)
(943/2 79 71 1/2 0)
(472 78 70 1 0)
(473 76 69 1/2 0)
(947/2 76 69 3/2 0)
(475 76 69 1/2 0)
(951/2 76 69 1/2 0)
(476 76 69 1/2 0)
(953/2 79 71 1/2 0)
(477 78 70 1/2 0)
(955/2 76 69 1/2 0)
(478 74 68 1/2 0)
(957/2 74 68 1/2 0)
(479 72 67 1/2 0)
(959/2 71 66 3/2 0)
