(0 67 64 1/4 0)
(1/4 67 64 1/4 0)
(1/2 67 64 1/2 0)
(1 71 66 1/2 0)
(3/2 74 68 1 0)
(5/2 76 69 1 0)
(7/2 74 68 1/2 0)
(4 74 68 1/2 0)
(9/2 69 65 1/2 0)
(5 71 66 1/2 0)
(11/2 69 65 1/2 0)
(6 74 68 1/2 0)
(13/2 69 65 3/2 0)
(8 67 64 1/2 0)
(17/2 67 64 1/2 0)
(9 71 66 1/2 0)
(19/2 74 68 1 0)
(21/2 76 69 3/4 0)
(45/4 76 69 1/4 0)
(23/2 74 68 1/2 0)
(12 74 68 1/2 0)
(25/2 69 65 1/2 0)
(13 69 65 1/4 0)
(53/4 71 66 1/4 0)
(27/2 72 67 1/2 0)
(14 71 66 1/2 0)
(29/2 69 65 1/2 0)
(15 67 64 1/2 0)
(31/2 71 66 1/2 0)
(16 74 68 1/2 0)
(33/2 69 65 3 0)
(39/2 62 61 1/2 0)
(20 67 64 1/2 0)
(41/2 69 65 1/2 0)
(21 71 66 1/2 0)
(43/2 76 69 1/2 0)
(22 74 68 3/4 0)
(91/4 74 68 1/4 0)
(23 67 64 1/4 0)
(93/4 67 64 1/4 0)
(47/2 67 64 1/4 0)
(95/4 69 65 1/2 0)
(97/4 71 66 1/2 0)
(99/4 74 68 1/2 0)
(101/4 71 66 1/2 0)
(103/4 69 65 1/2 0)
(105/4 67 64 1/2 0)
(107/4 66 63 3/2 0)
(113/4 67 64 1/4 0)
(57/2 69 65 1/4 0)
(115/4 71 66 1/4 0)
(29 72 67 1/4 0)
(117/4 79 71 3/4 0)
(30 78 70 1/4 0)
(121/4 76 69 3/4 0)
(31 76 69 1/4 0)
(125/4 74 68 3 0)
(137/4 62 61 1/2 0)
(139/4 67 64 1/2 0)
(141/4 69 65 1/2 0)
(143/4 71 66 1/2 0)
(145/4 76 69 1/2 0)
(147/4 74 68 3/4 0)
(75/2 74 68 1/4 0)
(151/4 67 64 1/4 0)
(38 67 64 1/4 0)
(153/4 67 64 1/4 0)
(77/2 69 65 1/2 0)
(39 71 66 1/2 0)
(79/2 74 68 1/2 0)
(40 71 66 1/2 0)
(81/2 69 65 1/2 0)
(41 67 64 1/2 0)
(83/2 66 63 3/2 0)
(43 67 64 1/4 0)
(173/4 69 65 1/4 0)
(87/2 71 66 1/4 0)
(175/4 72 67 1/4 0)
(44 79 71 3/4 0)
(179/4 78 70 1/4 0)
(45 76 69 3/4 0)
(183/4 76 69 1/4 0)
(46 74 68 3 0)
(49 67 64 1 0)
(50 72 67 1 0)
(51 71 66 1 0)
(52 69 65 1 0)
(53 67 64 1 0)
(54 72 67 1 0)
(55 71 66 1 0)
(56 69 65 1 0)
(57 71 66 1/2 0)
(115/2 71 66 1/2 0)
(58 72 67 1 0)
(59 71 66 1 0)
(60 69 65 1 0)
(61 67 64 1 0)
(62 72 67 1 0)
(63 71 66 1 0)
(64 69 65 3/2 0)
(131/2 69 65 1/2 0)
(66 74 68 3/2 0)
(135/2 74 68 1/2 0)
(68 74 68 3/2 0)
(139/2 74 68 1/2 0)
(70 76 69 1 0)
(71 74 68 1 0)
(72 67 64 1 0)
(73 69 65 1/2 0)
(147/2 71 66 1/2 0)
(74 72 67 1 0)
(75 71 66 1 0)
(76 69 65 1 0)
(77 67 64 1 0)
(78 72 67 1 0)
(79 71 66 1 0)
(80 69 65 2 0)
(82 74 68 3/2 0)
(167/2 74 68 1/2 0)
(84 74 68 3/2 0)
(171/2 74 68 1/2 0)
(86 76 69 1 0)
(87 74 68 1 0)
(88 67 64 2 0)
(90 74 68 3/2 0)
(183/2 74 68 1/2 0)
(92 74 68 2 0)
(94 76 69 1 0)
(95 74 68 1 0)
(96 69 65 1 0)
(97 69 65 1/2 0)
(195/2 71 66 1/2 0)
(98 72 67 1 0)
(99 71 66 1 0)
(100 69 65 2 0)
(102 79 71 2 0)
(104 78 70 1 0)
(105 79 71 1 0)
(106 74 68 1 0)
(107 79 71 1/2 0)
(215/2 79 71 1/2 0)
(108 78 70 1 0)
(109 76 69 1 0)
(110 74 68 2 0)
(112 69 65 2 0)
(114 71 66 1 0)
(115 73 67 1 0)
(116 74 68 1 0)
(117 79 71 1 0)
(118 78 70 1 0)
(119 76 69 1 0)
(120 74 68 2 0)
(122 69 65 2 0)
(124 71 66 1 0)
(125 73 67 1 0)
(126 74 68 3 0)
(129 74 68 1/4 0)
(517/4 74 68 1/4 0)
(259/2 74 68 1/2 0)
(130 78 70 1/2 0)
(261/2 76 69 1 0)
(263/2 74 68 1 0)
(265/2 76 69 1/2 0)
(133 74 68 1/2 0)
(267/2 67 64 1/2 0)
(134 69 65 1/4 0)
(537/4 71 66 1/4 0)
(269/2 72 67 1/2 0)
(135 71 66 1/2 0)
(271/2 69 65 1/2 0)
(136 67 64 1/2 0)
(273/2 72 67 1/2 0)
(137 71 66 1/2 0)
(275/2 69 65 3/4 0)
(553/4 74 68 1/4 0)
(277/2 74 68 1/2 0)
(139 78 70 1/2 0)
(279/2 76 69 1 0)
(281/2 74 68 3/4 0)
(565/4 74 68 1/4 0)
(283/2 76 69 1/2 0)
(142 74 68 1/2 0)
(285/2 67 64 1/2 0)
(143 69 65 1/4 0)
(573/4 71 66 1/4 0)
(287/2 72 67 1/2 0)
(144 71 66 1/4 0)
(577/4 71 66 1/4 0)
(289/2 69 65 1/2 0)
(145 67 64 1/2 0)
(291/2 72 67 1/2 0)
(146 71 66 1/2 0)
(293/2 69 65 1 0)
(295/2 74 68 3/4 0)
(593/4 76 69 1/4 0)
(297/2 74 68 3/4 0)
(597/4 74 68 1/4 0)
(299/2 76 69 1/2 0)
(150 74 68 1/2 0)
(301/2 67 64 1 0)
(303/2 74 68 3/4 0)
(609/4 76 69 1/4 0)
(305/2 74 68 3/4 0)
(613/4 74 68 1/4 0)
(307/2 76 69 1/2 0)
(154 74 68 1/2 0)
(309/2 67 64 1/2 0)
(155 71 66 1/4 0)
(621/4 71 66 1/4 0)
(311/2 72 67 1/2 0)
(156 71 66 1/2 0)
(313/2 69 65 1/2 0)
(157 74 68 1/2 0)
(315/2 74 68 3/4 0)
(633/4 78 70 1/4 0)
(317/2 76 69 1/2 0)
(159 78 70 1/2 0)
(319/2 74 68 1/2 0)
(160 76 69 1/4 0)
(641/4 76 69 1/4 0)
(321/2 78 70 1/2 0)
(161 76 69 1/2 0)
(323/2 74 68 1 0)
(325/2 69 65 3/4 0)
(653/4 69 65 1/4 0)
(327/2 71 66 1/2 0)
(164 73 67 1/2 0)
(329/2 74 68 1/2 0)
(165 76 69 1/4 0)
(661/4 76 69 1/4 0)
(331/2 78 70 1/2 0)
(166 76 69 1/2 0)
(333/2 74 68 1 0)
(335/2 69 65 3/4 0)
(673/4 69 65 1/4 0)
(337/2 71 66 1/2 0)
(169 73 67 1/2 0)
(339/2 74 68 1/2 0)
(170 74 68 1/2 0)
(341/2 74 68 1/2 0)
(171 74 68 1/2 0)
(343/2 76 69 1 0)
(345/2 74 68 3/4 0)
(693/4 74 68 1/4 0)
(347/2 72 67 1/2 0)
(174 71 66 1/2 0)
(349/2 69 65 1/2 0)
(175 67 64 1/4 0)
(701/4 69 65 1/4 0)
(351/2 71 66 1/2 0)
(176 74 68 1/2 0)
(353/2 67 64 1/2 0)
(177 69 65 1/2 0)
(355/2 72 67 1/2 0)
(178 71 66 1/2 0)
(357/2 69 65 1/2 0)
(179 74 68 1/4 0)
(717/4 74 68 1/2 0)
(719/4 74 68 1/2 0)
(721/4 76 69 1 0)
(725/4 74 68 1 0)
(729/4 72 67 1/2 0)
(731/4 71 66 1/2 0)
(733/4 69 65 1/2 0)
(735/4 67 64 1/4 0)
(184 69 65 1/4 0)
(737/4 71 66 1/2 0)
(739/4 74 68 1/2 0)
(741/4 67 64 1/2 0)
(743/4 69 65 1/2 0)
(745/4 72 67 1/2 0)
(747/4 71 66 1/2 0)
(749/4 69 65 1/2 0)
(751/4 71 66 1/2 0)
(753/4 74 68 1/4 0)
(377/2 76 69 1/4 0)
(755/4 74 68 1/2 0)
(757/4 69 65 1/2 0)
(759/4 71 66 1/2 0)
(761/4 74 68 1/2 0)
(763/4 67 64 1/2 0)
(765/4 71 66 1/4 0)
(383/2 71 66 1/2 0)
(192 76 69 1/2 0)
(385/2 74 68 3/4 0)
(773/4 69 65 1/4 0)
(387/2 71 66 1/2 0)
(194 74 68 1/2 0)
(389/2 67 64 1/2 0)
(195 71 66 1/2 0)
(391/2 71 66 1/2 0)
(196 71 66 1/2 0)
(393/2 69 65 1 0)
(395/2 74 68 1 0)
(397/2 78 70 1/2 0)
(199 76 69 1/2 0)
(399/2 74 68 1/2 0)
(200 78 70 1/2 0)
(401/2 78 70 1/2 0)
(201 76 69 1/2 0)
(403/2 74 68 1 0)
(405/2 69 65 1 0)
(407/2 71 66 1/2 0)
(204 73 67 1/2 0)
(409/2 74 68 1 0)
(411/2 74 68 1/4 0)
(823/4 74 68 1/4 0)
(206 74 68 1/2 0)
(413/2 78 70 1/2 0)
(207 76 69 1 0)
(208 74 68 1/2 0)
(417/2 78 70 1/2 0)
(209 76 69 1/2 0)
(419/2 74 68 1/2 0)
(210 69 65 1/2 0)
(421/2 69 65 1/4 0)
(843/4 71 66 1/4 0)
(211 72 67 1/2 0)
(423/2 71 66 1/2 0)
(212 69 65 1/2 0)
(425/2 67 64 1/2 0)
(213 72 67 1/2 0)
(427/2 71 66 1/2 0)
(214 69 65 3/4 0)
(859/4 74 68 1/4 0)
(215 74 68 1/2 0)
(431/2 78 70 1/2 0)
(216 76 69 1 0)
(217 74 68 1/2 0)
(435/2 78 70 1/4 0)
(871/4 78 70 1/4 0)
(218 76 69 1/2 0)
(437/2 74 68 1/2 0)
(219 69 65 1/2 0)
(439/2 69 65 1/4 0)
(879/4 71 66 1/4 0)
(220 72 67 1/2 0)
(441/2 71 66 1/2 0)
(221 69 65 1/2 0)
(443/2 67 64 1/2 0)
(222 72 67 1/2 0)
(445/2 71 66 1/2 0)
(223 69 65 1 0)
(224 74 68 3/2 0)
(451/2 76 69 1/2 0)
(226 74 68 3/2 0)
(455/2 74 68 1/2 0)
(228 76 69 1/2 0)
(457/2 74 68 1/2 0)
(229 67 64 1/2 0)
(459/2 71 66 1/2 0)
(230 74 68 3/2 0)
(463/2 76 69 1/2 0)
(232 74 68 3/2 0)
(467/2 74 68 1/2 0)
(234 76 69 1/2 0)
(469/2 74 68 1/2 0)
(235 67 64 1/2 0)
(471/2 71 66 1/4 0)
(943/4 71 66 1/4 0)
(236 72 67 1/2 0)
(473/2 71 66 1/2 0)
(237 69 65 1/2 0)
(475/2 74 68 1/2 0)
(238 74 68 1/2 0)
(477/2 78 70 1/2 0)
(239 76 69 1/2 0)
(479/2 78 70 1/2 0)
(240 74 68 1/2 0)
(481/2 79 71 1/2 0)
(241 78 70 1/2 0)
(483/2 76 69 1/2 0)
(242 74 68 1 0)
(243 69 65 3/2 0)
(489/2 69 65 1/2 0)
(245 71 66 1/2 0)
(491/2 73 67 1/2 0)
(246 74 68 1 0)
(247 81 72 1/4 0)
(989/4 79 71 1/4 0)
(495/2 78 70 1/2 0)
(248 76 69 1/2 0)
(497/2 74 68 1 0)
(499/2 69 65 3/2 0)
(251 69 65 1/2 0)
(503/2 71 66 1/2 0)
(252 73 67 1/2 0)
(505/2 74 68 1/2 0)
(253 74 68 1 0)
(254 74 68 1 0)
(255 74 68 1 0)
(256 76 69 2 0)
(258 74 68 2 0)
(260 72 67 1 0)
(261 74 68 1 0)
(262 71 66 1 0)
(263 69 65 1 0)
(264 67 64 1 0)
(265 67 64 1 0)
(266 69 65 1 0)
(267 69 65 1 0)
(268 71 66 2 0)
(270 69 65 3 0)
(273 74 68 1 0)
(274 74 68 1 0)
(275 78 70 1 0)
(276 76 69 2 0)
(278 74 68 3/2 0)
(559/2 74 68 1/2 0)
(280 72 67 1 0)
(281 71 66 1 0)
(282 69 65 1 0)
(283 69 65 1/2 0)
(567/2 69 65 1/2 0)
(284 67 64 1 0)
(285 67 64 1 0)
(286 69 65 1 0)
(287 69 65 1 0)
(288 71 66 2 0)
(290 69 65 2 0)
(292 74 68 3/2 0)
(587/2 74 68 1/2 0)
(294 74 68 3/2 0)
(591/2 72 67 1/2 0)
(296 71 66 1 0)
(297 69 65 1 0)
(298 67 64 1 0)
(299 74 68 3/2 0)
(601/2 74 68 1/2 0)
(301 74 68 3/2 0)
(605/2 72 67 1/2 0)
(303 71 66 1 0)
(304 69 65 1 0)
(305 67 64 1 0)
(306 67 64 1 0)
(307 66 63 1 0)
(308 67 64 1 0)
(309 69 65 2 0)
(311 74 68 2 0)
(313 78 70 1 0)
(314 76 69 1 0)
(315 74 68 3/2 0)
(633/2 74 68 1 0)
(635/2 78 70 1 0)
(637/2 76 69 1 0)
(639/2 74 68 2 0)
(643/2 69 65 2 0)
(647/2 71 66 1 0)
(649/2 73 67 1 0)
(651/2 74 68 3 0)
(657/2 74 68 1/2 0)
(329 74 68 1/2 0)
(659/2 78 70 1/2 0)
(330 76 69 1 0)
(331 74 68 1 0)
(332 72 67 1/2 0)
(665/2 71 66 1/2 0)
(333 69 65 1/2 0)
(667/2 69 65 1/4 0)
(1335/4 69 65 1/4 0)
(334 67 64 1/2 0)
(669/2 67 64 1/4 0)
(1339/4 67 64 1/4 0)
(335 69 65 1/2 0)
(671/2 71 66 1/2 0)
(336 72 67 1/2 0)
(673/2 71 66 1/2 0)
(337 69 65 1 0)
(338 74 68 1/4 0)
(1353/4 74 68 1/4 0)
(677/2 74 68 1/2 0)
(339 76 69 1/4 0)
(1357/4 78 70 1/4 0)
(679/2 76 69 1 0)
(681/2 74 68 1 0)
(683/2 76 69 1/2 0)
(342 74 68 1/2 0)
(685/2 69 65 1/2 0)
(343 69 65 1/4 0)
(1373/4 69 65 1/4 0)
(687/2 71 66 1/2 0)
(344 72 67 1/4 0)
(1377/4 74 68 1/4 0)
(689/2 67 64 1/2 0)
(345 69 65 1/4 0)
(1381/4 71 66 1/4 0)
(691/2 72 67 1/2 0)
(346 71 66 1/2 0)
(693/2 69 65 1 0)
(695/2 74 68 3/4 0)
(1393/4 76 69 1/4 0)
(697/2 74 68 3/4 0)
(1397/4 69 65 1/4 0)
(699/2 71 66 1/2 0)
(350 72 67 1/4 0)
(1401/4 74 68 1/4 0)
(701/2 67 64 3/4 0)
(1405/4 71 66 1/4 0)
(703/2 74 68 1/2 0)
(352 76 69 1/2 0)
(705/2 74 68 1/2 0)
(353 67 64 1/4 0)
(1413/4 69 65 1/4 0)
(707/2 71 66 1/2 0)
(354 74 68 1/2 0)
(709/2 67 64 1/2 0)
(355 71 66 1/4 0)
(1421/4 71 66 1/4 0)
(711/2 71 66 1/2 0)
(356 71 66 1/2 0)
(713/2 67 64 1/2 0)
(357 74 68 1/2 0)
(715/2 74 68 3/4 0)
(1433/4 76 69 1/4 0)
(717/2 78 70 1/2 0)
(359 76 69 1/2 0)
(719/2 74 68 1/2 0)
(360 78 70 1/4 0)
(1441/4 78 70 1/4 0)
(721/2 78 70 1/2 0)
(361 76 69 1/2 0)
(723/2 74 68 1 0)
(725/2 69 65 1 0)
(727/2 71 66 1/2 0)
(364 73 67 1/2 0)
(729/2 74 68 3/2 0)
(366 74 68 1/2 0)
(733/2 74 68 1/2 0)
(367 78 70 1/2 0)
(735/2 76 69 1 0)
(737/2 74 68 1 0)
(739/2 76 69 1/2 0)
(370 74 68 1/2 0)
(741/2 67 64 1/2 0)
(371 71 66 1/2 0)
(743/2 72 67 1/2 0)
(372 71 66 1/2 0)
(745/2 69 65 1/2 0)
(373 67 64 1/2 0)
(747/2 74 68 1 0)
(749/2 71 66 3/4 0)
(1501/4 74 68 1/4 0)
(751/2 74 68 1/2 0)
(376 78 70 1/2 0)
(753/2 76 69 1 0)
(755/2 74 68 3/4 0)
(1513/4 74 68 1/4 0)
(757/2 76 69 1/2 0)
(379 74 68 1/2 0)
(759/2 67 64 1/2 0)
(380 71 66 1/4 0)
(1521/4 71 66 1/4 0)
(761/2 72 67 1/2 0)
(381 71 66 1/2 0)
(763/2 69 65 1/2 0)
(382 67 64 1/2 0)
(765/2 74 68 1 0)
(767/2 71 66 1 0)
(769/2 74 68 3/4 0)
(1541/4 76 69 1/4 0)
(771/2 74 68 3/4 0)
(1545/4 72 67 1/4 0)
(773/2 71 66 1/2 0)
(387 74 68 1/2 0)
(775/2 67 64 1 0)
(777/2 74 68 3/4 0)
(1557/4 76 69 1/4 0)
(779/2 74 68 1/2 0)
(390 74 68 1/2 0)
(781/2 76 69 1/2 0)
(391 74 68 1/2 0)
(783/2 67 64 1/2 0)
(392 71 66 1/2 0)
(785/2 72 67 1/2 0)
(393 71 66 1/2 0)
(787/2 69 65 1 0)
(789/2 74 68 1 0)
(791/2 78 70 1/2 0)
(396 76 69 1/2 0)
(793/2 74 68 1/2 0)
(397 76 69 1/2 0)
(795/2 78 70 1/2 0)
(398 76 69 1/2 0)
(797/2 74 68 1 0)
(799/2 69 65 1 0)
(801/2 71 66 1/2 0)
(401 73 67 1/2 0)
(803/2 74 68 3/2 0)
(403 79 71 1/2 0)
(807/2 78 70 1/2 0)
(404 76 69 1/2 0)
(809/2 74 68 1 0)
(811/2 69 65 1 0)
(813/2 71 66 1/2 0)
(407 73 67 1/2 0)
(815/2 74 68 3/2 0)
(409 71 66 1/4 0)
(1637/4 71 66 1/4 0)
(819/2 71 66 1/2 0)
(410 72 67 1/2 0)
(821/2 74 68 1 0)
(823/2 76 69 1 0)
(825/2 74 68 1/2 0)
(413 74 68 1/2 0)
(827/2 69 65 1/2 0)
(414 71 66 1/2 0)
(829/2 74 68 1 0)
(831/2 69 65 3/2 0)
(417 67 64 1/2 0)
(835/2 67 64 1/2 0)
(418 71 66 1/2 0)
(837/2 74 68 1 0)
(839/2 76 69 3/4 0)
(1681/4 76 69 1/4 0)
(841/2 74 68 1/2 0)
(421 74 68 1/2 0)
(843/2 69 65 1/2 0)
(422 71 66 1/4 0)
(1689/4 71 66 1/4 0)
(845/2 72 67 1/2 0)
(423 71 66 1/2 0)
(847/2 69 65 1/2 0)
(424 67 64 1/2 0)
(849/2 74 68 1 0)
(851/2 69 65 1/2 0)
(426 62 61 1/2 0)
(853/2 67 64 1/2 0)
(427 69 65 1/2 0)
(855/2 71 66 1/2 0)
(428 76 69 1/2 0)
(857/2 74 68 1/2 0)
(429 74 68 1/2 0)
(859/2 67 64 1/2 0)
(430 67 64 1/4 0)
(1721/4 67 64 1/4 0)
(861/2 69 65 1/2 0)
(431 71 66 1/2 0)
(863/2 74 68 3/4 0)
(1729/4 71 66 1/4 0)
(865/2 69 65 3/4 0)
(1733/4 67 64 1/4 0)
(867/2 66 63 3/4 0)
(1737/4 67 64 1/4 0)
(869/2 69 65 1/2 0)
(435 71 66 1/2 0)
(871/2 72 67 1 0)
(873/2 78 70 3/4 0)
(1749/4 78 70 1/4 0)
(875/2 76 69 3/4 0)
(1753/4 76 69 1/4 0)
(877/2 74 68 3/2 0)
(440 62 61 1/2 0)
(881/2 67 64 1/2 0)
(441 69 65 1/2 0)
(883/2 71 66 1/2 0)
(442 76 69 1/2 0)
(885/2 74 68 1/2 0)
(443 74 68 1/2 0)
(887/2 67 64 1/2 0)
(444 67 64 1/4 0)
(1777/4 67 64 1/4 0)
(889/2 69 65 1/2 0)
(445 71 66 1/2 0)
(891/2 74 68 3/4 0)
(1785/4 71 66 1/4 0)
(893/2 69 65 3/4 0)
(1789/4 67 64 1/4 0)
(895/2 66 63 3/4 0)
(1793/4 67 64 1/4 0)
(897/2 69 65 1/2 0)
(449 71 66 1/2 0)
(899/2 72 67 1 0)
(901/2 78 70 3/4 0)
(1805/4 78 70 1/4 0)
(903/2 76 69 3/4 0)
(1809/4 76 69 1/4 0)
(905/2 74 68 3/2 0)
(454 74 68 1/2 0)
(909/2 74 68 1/2 0)
(455 78 70 1/2 0)
(911/2 76 69 1 0)
(913/2 74 68 1 0)
(915/2 76 69 1/2 0)
(458 74 68 1/2 0)
(917/2 69 65 1/2 0)
(459 71 66 1/2 0)
(919/2 72 67 1/2 0)
(460 71 66 1/2 0)
(921/2 69 65 1/2 0)
(461 67 64 1/2 0)
(923/2 72 67 1/2 0)
(462 71 66 1/2 0)
(925/2 69 65 1/2 0)
(463 74 68 1/2 0)
(927/2 74 68 1/2 0)
(464 78 70 1/2 0)
(929/2 76 69 1 0)
(931/2 74 68 1 0)
(933/2 76 69 1/2 0)
(467 74 68 1/2 0)
(935/2 67 64 1/2 0)
(468 71 66 1/2 0)
(937/2 72 67 1/2 0)
(469 71 66 1/2 0)
(939/2 69 65 1/2 0)
(470 67 64 1/2 0)
(941/2 72 67 1/2 0)
(471 71 66 1/2 0)
(943/2 69 65 1 0)
(945/2 74 68 3/4 0)
(1893/4 76 69 1/4 0)
(947/2 74 68 3/4 0)
(1897/4 74 68 1/4 0)
(949/2 76 69 1/2 0)
(475 74 68 1/2 0)
(951/2 67 64 1/2 0)
(476 71 66 1/2 0)
(953/2 74 68 1/2 0)
(477 76 69 1/2 0)
(955/2 74 68 3/4 0)
(1913/4 74 68 1/4 0)
(957/2 76 69 1/2 0)
(479 74 68 1/2 0)
(959/2 67 64 1/2 0)
(480 71 66 1/2 0)
(961/2 71 66 1/2 0)
(481 71 66 1/2 0)
(963/2 69 65 1 0)
(965/2 74 68 1/2 0)
(483 79 71 1/2 0)
(967/2 78 70 1/2 0)
(484 79 71 1/2 0)
(969/2 74 68 3/2 0)
(486 79 71 1/2 0)
(973/2 78 70 1/2 0)
(487 76 69 1/2 0)
(975/2 74 68 1 0)
(977/2 69 65 3/4 0)
(1957/4 69 65 1/4 0)
(979/2 71 66 1/2 0)
(490 73 67 1/2 0)
(981/2 74 68 3/2 0)
(492 69 65 1/2 0)
(985/2 69 65 1/2 0)
(493 69 65 1/2 0)
(987/2 74 68 1 0)
(989/2 72 67 1 0)
(991/2 72 67 1/2 0)
(496 71 66 1/2 0)
(993/2 69 65 1/2 0)
(497 71 66 1/2 0)
(995/2 72 67 1/2 0)
(498 71 66 1/2 0)
(997/2 69 65 1/2 0)
(499 67 64 1/2 0)
(999/2 72 67 1/2 0)
(500 71 66 1/2 0)
(1001/2 69 65 3/4 0)
(2005/4 71 66 1/4 0)
(1003/2 74 68 3/8 0)
(4015/8 74 68 1/8 0)
(502 74 68 1/2 0)
(1005/2 74 68 3/8 0)
(4023/8 74 68 1/8 0)
(503 72 67 1/2 0)
(1007/2 71 66 1/2 0)
(504 69 65 1/2 0)
(1009/2 67 64 1/2 0)
(505 71 66 1/2 0)
(1011/2 72 67 1/4 0)
(2023/4 72 67 1/4 0)
(506 71 66 1/2 0)
(1013/2 69 65 1/2 0)
(507 67 64 1/2 0)
(1015/2 71 66 1 0)
(1017/2 69 65 1 0)
(1019/2 74 68 3/4 0)
(2041/4 74 68 1/4 0)
(1021/2 74 68 3/4 0)
(2045/4 72 67 1/4 0)
(1023/2 71 66 1/2 0)
(512 69 65 1/2 0)
(1025/2 67 64 1/2 0)
(513 71 66 1/2 0)
(1027/2 74 68 1/2 0)
(514 74 68 1/2 0)
(1029/2 74 68 3/4 0)
(2061/4 72 67 1/4 0)
(1031/2 71 66 1/2 0)
(516 69 65 1/2 0)
(1033/2 67 64 1/2 0)
(517 71 66 1/2 0)
(1035/2 71 66 1/2 0)
(518 71 66 1/2 0)
(1037/2 69 65 1 0)
(1039/2 74 68 1 0)
(1041/2 78 70 1/2 0)
(521 76 69 1/2 0)
(1043/2 74 68 1/2 0)
(522 76 69 1/2 0)
(1045/2 78 70 1/2 0)
(523 76 69 1/2 0)
(1047/2 74 68 1 0)
(1049/2 69 65 1 0)
(1051/2 71 66 1/2 0)
(526 73 67 1/2 0)
(1053/2 74 68 3/2 0)
