(0 62 61 1/2 0)
(1/2 64 62 1/2 0)
(1 66 63 1 0)
(2 74 68 1 0)
(3 73 67 1/2 0)
(7/2 71 66 1/2 0)
(4 69 65 1 0)
(5 66 63 1 0)
(6 62 61 1/2 0)
(13/2 64 62 1/2 0)
(7 66 63 1 0)
(8 69 65 1 0)
(9 64 62 1/2 0)
(19/2 66 63 1/2 0)
(10 62 61 2 0)
(12 64 62 1/2 0)
(25/2 66 63 1/2 0)
(13 67 64 1/2 0)
(27/2 71 66 1/2 0)
(14 69 65 1/2 0)
(29/2 67 64 1/2 0)
(15 66 63 1/2 0)
(31/2 74 68 1/2 0)
(16 69 65 1 0)
(17 69 65 1/2 0)
(35/2 69 65 1/2 0)
(18 73 67 3/2 0)
(39/2 71 66 1/2 0)
(20 69 65 1/2 0)
(41/2 67 64 1/2 0)
(21 66 63 2 0)
(23 64 62 1/2 0)
(47/2 66 63 1/2 0)
(24 67 64 1/2 0)
(49/2 71 66 1/2 0)
(25 69 65 1/2 0)
(51/2 67 64 1/2 0)
(26 66 63 1/2 0)
(53/2 74 68 1/2 0)
(27 69 65 1 0)
(28 69 65 1/2 0)
(57/2 69 65 1/2 0)
(29 73 67 3/2 0)
(61/2 71 66 1/2 0)
(31 67 64 1/2 0)
(63/2 64 62 1/2 0)
(32 62 61 2 0)
(34 62 61 1/2 0)
(69/2 66 63 1/2 0)
(35 69 65 3/2 0)
(73/2 71 66 1/2 0)
(37 69 65 3/4 0)
(151/4 67 64 1/4 0)
(38 67 64 1 0)
(39 66 63 1 0)
(40 64 62 1/2 0)
(81/2 66 63 1/2 0)
(41 69 65 1 0)
(42 74 68 1/2 0)
(85/2 73 67 1/2 0)
(43 71 66 1/2 0)
(87/2 69 65 1/2 0)
(44 64 62 2 0)
(46 64 62 1/2 0)
(93/2 66 63 1/2 0)
(47 67 64 1 0)
(48 69 65 1 0)
(49 71 66 1/2 0)
(99/2 73 67 1/2 0)
(50 74 68 1 0)
(51 69 65 1 0)
(52 69 65 1/2 0)
(105/2 71 66 1/2 0)
(53 73 67 1 0)
(54 71 66 1/2 0)
(109/2 69 65 1/2 0)
(55 67 64 1/2 0)
(111/2 66 63 1/2 0)
(56 62 61 2 0)
(58 62 61 1/2 0)
(117/2 66 63 1/2 0)
(59 69 65 1 0)
(60 74 68 1 0)
(61 73 67 1/2 0)
(123/2 71 66 1/2 0)
(62 69 65 1 0)
(63 74 68 1 0)
(64 69 65 1/2 0)
(129/2 71 66 1/2 0)
(65 73 67 3/2 0)
(133/2 71 66 1/2 0)
(67 69 65 1/2 0)
(135/2 67 64 1/2 0)
(68 66 63 1 0)
(69 69 65 1/2 0)
(139/2 69 65 1/2 0)
(70 73 67 3/2 0)
(143/2 71 66 1/2 0)
(72 67 64 1/2 0)
(145/2 71 66 1/2 0)
(73 71 66 1 0)
(74 69 65 1 0)
(75 66 63 1/2 0)
(151/2 62 61 1/2 0)
(76 69 65 3/2 0)
(155/2 67 64 1/2 0)
(78 66 63 1/2 0)
(157/2 64 62 1/2 0)
(79 62 61 1 0)
(80 67 64 1/2 0)
(161/2 71 66 1/2 0)
(81 74 68 1 0)
(82 76 69 1 0)
(83 74 68 3/4 0)
(335/4 72 67 1/4 0)
(84 72 67 1 0)
(85 71 66 1 0)
(86 69 65 1/2 0)
(173/2 71 66 1/2 0)
(87 74 68 1 0)
(88 76 69 1/2 0)
(177/2 74 68 1/2 0)
(89 72 67 1/2 0)
(179/2 71 66 1/2 0)
(90 69 65 2 0)
(92 69 65 1/2 0)
(185/2 71 66 1/2 0)
(93 72 67 1 0)
(94 76 69 1 0)
(95 74 68 3/4 0)
(383/4 72 67 1/4 0)
(96 71 66 1/2 0)
(193/2 79 71 1/2 0)
(97 74 68 1 0)
(98 74 68 1/2 0)
(197/2 79 71 1/2 0)
(99 78 70 1 0)
(100 76 69 1/2 0)
(201/2 74 68 1/2 0)
(101 72 67 1/2 0)
(203/2 71 66 1/2 0)
(102 67 64 2 0)
(104 62 61 1/2 0)
(209/2 66 63 1/2 0)
(105 69 65 3/2 0)
(213/2 71 66 1/2 0)
(107 69 65 3/4 0)
(431/4 67 64 1/4 0)
(108 67 64 1 0)
(109 66 63 1 0)
(110 64 62 1/2 0)
(221/2 66 63 1/2 0)
(111 69 65 1 0)
(112 74 68 1/2 0)
(225/2 73 67 1/2 0)
(113 71 66 1/2 0)
(227/2 69 65 1/2 0)
(114 64 62 2 0)
(116 64 62 1/2 0)
(233/2 66 63 1/2 0)
(117 67 64 1 0)
(118 69 65 1 0)
(119 71 66 1/2 0)
(239/2 73 67 1/2 0)
(120 74 68 1 0)
(121 69 65 1 0)
(122 69 65 1/2 0)
(245/2 71 66 1/2 0)
(123 73 67 1 0)
(124 71 66 1/2 0)
(249/2 69 65 1/2 0)
(125 67 64 1/2 0)
(251/2 66 63 1/2 0)
(126 62 61 2 0)
(128 62 61 3/4 0)
(515/4 66 63 1/4 0)
(129 69 65 3/2 0)
(261/2 71 66 1/2 0)
(131 69 65 3/4 0)
(527/4 67 64 1/4 0)
(132 67 64 1 0)
(133 66 63 1 0)
(134 64 62 1/2 0)
(269/2 66 63 1/2 0)
(135 69 65 1 0)
(136 68 64 1/2 0)
(273/2 69 65 1/2 0)
(137 71 66 1/2 0)
(275/2 69 65 1/2 0)
(138 64 62 2 0)
(140 64 62 3/4 0)
(563/4 66 63 1/4 0)
(141 67 64 3/2 0)
(285/2 71 66 1/2 0)
(143 69 65 1/2 0)
(287/2 67 64 1/2 0)
(144 66 63 1/2 0)
(289/2 74 68 1/2 0)
(145 69 65 1 0)
(146 69 65 1/2 0)
(293/2 69 65 1/2 0)
(147 73 67 1 0)
(148 71 66 1/2 0)
(297/2 69 65 1/2 0)
(149 67 64 1/2 0)
(299/2 64 62 1/2 0)
(150 62 61 2 0)
(152 64 62 3/4 0)
(611/4 66 63 1/4 0)
(153 67 64 3/2 0)
(309/2 71 66 1/2 0)
(155 69 65 1/2 0)
(311/2 67 64 1/2 0)
(156 66 63 1/2 0)
(313/2 74 68 1/2 0)
(157 69 65 1 0)
(158 69 65 1/2 0)
(317/2 69 65 1/2 0)
(159 73 67 1 0)
(160 71 66 1/2 0)
(321/2 69 65 1/2 0)
(161 67 64 1/2 0)
(323/2 64 62 1/2 0)
(162 62 61 2 0)
(164 67 64 3/4 0)
(659/4 71 66 1/4 0)
(165 74 68 3/2 0)
(333/2 76 69 1/2 0)
(167 74 68 3/4 0)
(671/4 72 67 1/4 0)
(168 72 67 1 0)
(169 71 66 1 0)
(170 67 64 3/4 0)
(683/4 71 66 1/4 0)
(171 74 68 3/2 0)
(345/2 74 68 1/2 0)
(173 76 69 3/4 0)
(695/4 74 68 1/4 0)
(174 69 65 2 0)
(176 69 65 3/4 0)
(707/4 71 66 1/4 0)
(177 72 67 1 0)
(178 76 69 1 0)
(179 76 69 3/4 0)
(719/4 74 68 1/4 0)
(180 74 68 1 0)
(181 71 66 1 0)
(182 67 64 3/4 0)
(731/4 69 65 1/4 0)
(183 71 66 3/2 0)
(369/2 74 68 1/2 0)
(185 69 65 3/4 0)
(743/4 71 66 1/4 0)
(186 67 64 2 0)
(188 62 61 3/4 0)
(755/4 66 63 1/4 0)
(189 69 65 3/2 0)
(381/2 71 66 1/2 0)
(191 69 65 3/4 0)
(767/4 67 64 1/4 0)
(192 67 64 1 0)
(193 66 63 1 0)
(194 62 61 1/2 0)
(389/2 66 63 1/2 0)
(195 69 65 1 0)
(196 71 66 1/2 0)
(393/2 69 65 1/2 0)
(197 67 64 1/2 0)
(395/2 66 63 1/2 0)
(198 64 62 2 0)
(200 64 62 1/2 0)
(401/2 66 63 1/2 0)
(201 67 64 1 0)
(202 71 66 1 0)
(203 69 65 1/2 0)
(407/2 67 64 1/2 0)
(204 66 63 1/2 0)
(409/2 74 68 1/2 0)
(205 69 65 1 0)
(206 69 65 1/2 0)
(413/2 71 66 1/2 0)
(207 73 67 1 0)
(208 69 65 1 0)
(209 64 62 1/2 0)
(419/2 67 64 1/2 0)
(210 66 63 2 0)
(212 64 62 1/2 0)
(425/2 66 63 1/2 0)
(213 67 64 1 0)
(214 71 66 1 0)
(215 69 65 1/2 0)
(431/2 67 64 1/2 0)
(216 66 63 1/2 0)
(433/2 74 68 1/2 0)
(217 69 65 1 0)
(218 69 65 1/2 0)
(437/2 71 66 1/2 0)
(219 73 67 1 0)
(220 71 66 1 0)
(221 67 64 1/2 0)
(443/2 64 62 1/2 0)
(222 62 61 1 0)
(223 67 64 3/4 0)
(895/4 71 66 1/4 0)
(224 74 68 3/2 0)
(451/2 76 69 1/2 0)
(226 74 68 3/4 0)
(907/4 71 66 1/4 0)
(227 72 67 1 0)
(228 71 66 1 0)
(229 67 64 1/2 0)
(459/2 71 66 1/2 0)
(230 74 68 1 0)
(231 79 71 1/2 0)
(463/2 78 70 1/2 0)
(232 76 69 1/2 0)
(465/2 74 68 1/2 0)
(233 69 65 2 0)
(235 69 65 1/2 0)
(471/2 71 66 1/2 0)
(236 72 67 1/2 0)
(473/2 74 68 1/2 0)
(237 76 69 1 0)
(238 78 70 3/4 0)
(955/4 74 68 1/4 0)
(239 79 71 1 0)
(240 79 71 1 0)
(241 81 72 1/2 0)
(483/2 79 71 1/2 0)
(242 78 70 1 0)
(243 76 69 1/2 0)
(487/2 74 68 1/2 0)
(244 72 67 1/2 0)
(489/2 72 67 1/2 0)
(245 67 64 2 0)
(247 69 65 1/2 0)
(495/2 71 66 1/2 0)
(248 72 67 1/2 0)
(497/2 74 68 1/2 0)
(249 76 69 1 0)
(250 78 70 3/4 0)
(1003/4 78 70 1/4 0)
(251 79 71 1 0)
(252 79 71 1 0)
(253 81 72 1/2 0)
(507/2 79 71 1/2 0)
(254 78 70 1 0)
(255 76 69 1/2 0)
(511/2 74 68 1/2 0)
(256 72 67 1/2 0)
(513/2 72 67 1/2 0)
(257 67 64 2 0)
(259 60 60 3/4 0)
(1039/4 64 62 1/4 0)
(260 67 64 1 0)
(261 69 65 1 0)
(262 67 64 3/4 0)
(1051/4 67 64 1/4 0)
(263 65 63 1 0)
(264 64 62 1 0)
(265 65 63 1/2 0)
(531/2 67 64 1/2 0)
(266 69 65 3/2 0)
(535/2 67 64 1/2 0)
(268 69 65 1/2 0)
(537/2 67 64 1/2 0)
(269 62 61 2 0)
(271 62 61 1/2 0)
(543/2 64 62 1/2 0)
(272 65 63 1/2 0)
(545/2 67 64 1/2 0)
(273 69 65 1 0)
(274 67 64 3/4 0)
(1099/4 65 63 1/4 0)
(275 64 62 1/2 0)
(551/2 72 67 1/2 0)
(276 67 64 1 0)
(277 67 64 1/2 0)
(555/2 69 65 1/2 0)
(278 71 66 1 0)
(279 69 65 1/2 0)
(559/2 67 64 1/2 0)
(280 69 65 1/2 0)
(561/2 67 64 1/2 0)
(281 64 62 2 0)
(283 62 61 1/2 0)
(567/2 64 62 1/2 0)
(284 65 63 1/2 0)
(569/2 67 64 1/2 0)
(285 69 65 1 0)
(286 67 64 3/4 0)
(1147/4 65 63 1/4 0)
(287 64 62 1/2 0)
(575/2 72 67 1/2 0)
(288 67 64 1 0)
(289 67 64 1/2 0)
(579/2 69 65 1/2 0)
(290 71 66 1 0)
(291 69 65 1/2 0)
(583/2 67 64 1/2 0)
(292 69 65 1/2 0)
(585/2 67 64 1/2 0)
(293 60 60 2 0)
(295 67 64 3/4 0)
(1183/4 71 66 1/4 0)
(296 74 68 3/2 0)
(595/2 76 69 1/2 0)
(298 74 68 3/4 0)
(1195/4 72 67 1/4 0)
(299 72 67 1 0)
(300 71 66 1 0)
(301 67 64 3/4 0)
(1207/4 71 66 1/4 0)
(302 74 68 7/4 0)
(1215/4 74 68 1/4 0)
(304 76 69 3/4 0)
(1219/4 74 68 1/4 0)
(305 69 65 2 0)
(307 69 65 3/4 0)
(1231/4 71 66 1/4 0)
(308 72 67 1 0)
(309 76 69 1 0)
(310 74 68 3/4 0)
(1243/4 72 67 1/4 0)
(311 71 66 1 0)
(312 74 68 1 0)
(313 72 67 3/4 0)
(1255/4 71 66 1/4 0)
(314 69 65 1 0)
(315 72 67 1 0)
(316 71 66 3/4 0)
(1267/4 69 65 1/4 0)
(317 67 64 2 0)
(319 67 64 3/4 0)
(1279/4 71 66 1/4 0)
(320 74 68 3/2 0)
(643/2 76 69 1/2 0)
(322 74 68 3/4 0)
(1291/4 72 67 1/4 0)
(323 72 67 1 0)
(324 71 66 1 0)
(325 67 64 3/4 0)
(1303/4 71 66 1/4 0)
(326 74 68 3/2 0)
(655/2 74 68 1/2 0)
(328 76 69 3/4 0)
(1315/4 74 68 1/4 0)
(329 69 65 2 0)
(331 69 65 3/4 0)
(1327/4 71 66 1/4 0)
(332 72 67 1 0)
(333 76 69 1 0)
(334 74 68 3/4 0)
(1339/4 72 67 1/4 0)
(335 71 66 1 0)
(336 74 68 1 0)
(337 72 67 3/4 0)
(1351/4 71 66 1/4 0)
(338 69 65 1 0)
(339 72 67 1 0)
(340 71 66 3/4 0)
(1363/4 69 65 1/4 0)
(341 67 64 2 0)
(343 67 64 1/2 0)
(687/2 71 66 1/2 0)
(344 74 68 3/2 0)
(691/2 76 69 1/2 0)
(346 74 68 3/4 0)
(1387/4 74 68 1/4 0)
(347 72 67 1 0)
(348 71 66 1 0)
(349 69 65 1/2 0)
(699/2 71 66 1/2 0)
(350 74 68 1 0)
(351 79 71 1/2 0)
(703/2 78 70 1/2 0)
(352 76 69 1/2 0)
(705/2 74 68 1/2 0)
(353 69 65 2 0)
(355 69 65 1/2 0)
(711/2 71 66 1/2 0)
(356 72 67 1 0)
(357 74 68 1 0)
(358 76 69 1/2 0)
(717/2 78 70 1/2 0)
(359 79 71 1 0)
(360 79 71 1 0)
(361 81 72 1/2 0)
(723/2 79 71 1/2 0)
(362 78 70 1 0)
(363 76 69 1/2 0)
(727/2 74 68 1/2 0)
(364 72 67 1/2 0)
(729/2 74 68 1/2 0)
(365 71 66 2 0)
(367 69 65 1/2 0)
(735/2 71 66 1/2 0)
(368 72 67 1 0)
(369 74 68 1 0)
(370 76 69 1/2 0)
(741/2 78 70 1/2 0)
(371 79 71 1 0)
(372 79 71 1 0)
(373 81 72 1/2 0)
(747/2 79 71 1/2 0)
(374 78 70 1 0)
(375 76 69 1/2 0)
(751/2 74 68 1/2 0)
(376 72 67 1/2 0)
(753/2 71 66 1/2 0)
(377 67 64 2 0)
(379 67 64 1/2 0)
(759/2 71 66 1/2 0)
(380 74 68 3/2 0)
(763/2 76 69 1/2 0)
(382 74 68 3/4 0)
(1531/4 71 66 1/4 0)
(383 72 67 1 0)
(384 71 66 1 0)
(385 72 67 1/2 0)
(771/2 74 68 1/2 0)
(386 76 69 3/2 0)
(775/2 74 68 1/2 0)
(388 76 69 1/2 0)
(777/2 74 68 1/2 0)
(389 69 65 2 0)
(391 69 65 1/2 0)
(783/2 71 66 1/2 0)
(392 72 67 1/2 0)
(785/2 74 68 1/2 0)
(393 76 69 1 0)
(394 74 68 3/4 0)
(1579/4 72 67 1/4 0)
(395 71 66 1/2 0)
(791/2 79 71 1/2 0)
(396 74 68 1 0)
(397 74 68 1/2 0)
(795/2 76 69 1/2 0)
(398 78 70 1 0)
(399 76 69 1/2 0)
(799/2 74 68 1/2 0)
(400 76 69 1/2 0)
(801/2 74 68 1/2 0)
(401 71 66 2 0)
(403 69 65 1/2 0)
(807/2 71 66 1/2 0)
(404 72 67 1/2 0)
(809/2 74 68 1/2 0)
(405 76 69 1 0)
(406 74 68 3/4 0)
(1627/4 72 67 1/4 0)
(407 71 66 1/2 0)
(815/2 79 71 1/2 0)
(408 74 68 1 0)
(409 74 68 1/2 0)
(819/2 76 69 1/2 0)
(410 78 70 1 0)
(411 76 69 1/2 0)
(823/2 74 68 1/2 0)
(412 76 69 1/2 0)
(825/2 74 68 1/2 0)
(413 67 64 2 0)
(415 67 64 3/4 0)
(1663/4 71 66 1/4 0)
(416 74 68 1 0)
(417 76 69 1 0)
(418 74 68 3/4 0)
(1675/4 72 67 1/4 0)
(419 72 67 1 0)
(420 71 66 1 0)
(421 69 65 1/2 0)
(843/2 71 66 1/2 0)
(422 74 68 1 0)
(423 76 69 1/2 0)
(847/2 74 68 1/2 0)
(424 72 67 1/2 0)
(849/2 71 66 1/2 0)
(425 69 65 2 0)
(427 69 65 1/2 0)
(855/2 71 66 1/2 0)
(428 72 67 1 0)
(429 76 69 1 0)
(430 74 68 1/2 0)
(861/2 72 67 1/2 0)
(431 71 66 1/2 0)
(863/2 74 68 1/2 0)
(432 79 71 1 0)
(433 74 68 1/2 0)
(867/2 76 69 1/2 0)
(434 78 70 1 0)
(435 76 69 1/2 0)
(871/2 74 68 1/2 0)
(436 72 67 1/2 0)
(873/2 69 65 1/2 0)
(437 67 64 2 0)
