(0 62 61 1/2 0)
(1/2 67 64 1 0)
(3/2 62 61 1/2 0)
(2 64 62 1 0)
(3 62 61 1/2 0)
(7/2 60 60 5/2 0)
(6 66 63 1/4 0)
(25/4 67 64 1/4 0)
(13/2 69 65 1 0)
(15/2 66 63 1/2 0)
(8 62 61 1 0)
(9 60 60 1/2 0)
(19/2 59 59 5/2 0)
(12 62 61 1/4 0)
(49/4 62 61 1/4 0)
(25/2 71 66 1 0)
(27/2 71 66 1/2 0)
(14 69 65 1 0)
(15 71 66 1/2 0)
(31/2 72 67 5/2 0)
(18 64 62 1/2 0)
(37/2 62 61 1 0)
(39/2 66 63 1/2 0)
(20 69 65 1 0)
(21 72 67 1/2 0)
(43/2 71 66 5/2 0)
(24 62 61 1/2 0)
(49/2 67 64 1/2 0)
(25 67 64 1/2 0)
(51/2 67 64 1/2 0)
(26 67 64 1/2 0)
(53/2 66 63 1/2 0)
(27 64 62 1/2 0)
(55/2 62 61 1/2 0)
(28 66 63 3/4 0)
(115/4 66 63 1/4 0)
(29 66 63 1 0)
(30 66 63 1/2 0)
(61/2 64 62 1/2 0)
(31 64 62 3/4 0)
(127/4 66 63 1/4 0)
(32 67 64 1/2 0)
(65/2 66 63 1/2 0)
(33 64 62 1/2 0)
(67/2 64 62 1 0)
(69/2 62 61 1/2 0)
(35 62 61 1 0)
(36 62 61 1/2 0)
(73/2 67 64 1 0)
(75/2 62 61 1/2 0)
(38 64 62 1 0)
(39 62 61 1/2 0)
(79/2 60 60 5/2 0)
(42 66 63 1/2 0)
(85/2 69 65 1 0)
(87/2 66 63 1/2 0)
(44 62 61 1 0)
(45 60 60 1/2 0)
(91/2 59 59 5/2 0)
(48 62 61 1/2 0)
(97/2 71 66 1 0)
(99/2 71 66 1/2 0)
(50 69 65 1 0)
(51 71 66 1/2 0)
(103/2 72 67 5/2 0)
(54 64 62 1/2 0)
(109/2 62 61 1 0)
(111/2 66 63 1/2 0)
(56 69 65 1 0)
(57 72 67 1/2 0)
(115/2 71 66 5/2 0)
(60 62 61 1/2 0)
(121/2 71 66 1 0)
(123/2 71 66 1/2 0)
(62 69 65 1 0)
(63 71 66 1/2 0)
(127/2 72 67 5/2 0)
(66 64 62 1/2 0)
(133/2 62 61 1 0)
(135/2 66 63 1/2 0)
(68 71 66 1 0)
(69 69 65 1/2 0)
(139/2 67 64 5/2 0)
(72 60 60 1 0)
(73 65 63 2 0)
(75 60 60 1 0)
(76 58 59 2 0)
(78 57 58 1 0)
(79 55 57 5 0)
(84 64 62 1 0)
(85 67 64 2 0)
(87 64 62 1 0)
(88 60 60 2 0)
(90 58 59 1 0)
(91 57 58 5 0)
(96 60 60 1 0)
(97 65 63 2 0)
(99 69 65 1 0)
(100 67 64 2 0)
(102 65 63 1 0)
(103 62 61 5 0)
(108 62 61 1 0)
(109 60 60 2 0)
(111 64 62 1 0)
(112 67 64 2 0)
(114 69 65 1 0)
(115 65 63 5 0)
(120 60 60 1 0)
(121 65 63 1 0)
(122 65 63 1 0)
(123 65 63 1 0)
(124 65 63 1 0)
(125 64 62 1 0)
(126 62 61 1 0)
(127 64 62 1 0)
(128 64 62 1 0)
(129 64 62 1 0)
(130 64 62 2 0)
(132 60 60 1 0)
(133 62 61 1 0)
(134 62 61 1 0)
(135 62 61 1 0)
(136 65 63 1 0)
(137 64 62 1 0)
(138 62 61 1 0)
(139 62 61 1 0)
(140 60 60 1 0)
(141 60 60 1 0)
(142 60 60 2 0)
(144 60 60 1 0)
(145 65 63 2 0)
(147 60 60 1 0)
(148 58 59 2 0)
(150 57 58 1 0)
(151 55 57 5 0)
(156 64 62 1 0)
(157 67 64 2 0)
(159 64 62 1 0)
(160 60 60 2 0)
(162 58 59 1 0)
(163 57 58 5 0)
(168 60 60 1 0)
(169 65 63 2 0)
(171 69 65 1 0)
(172 67 64 2 0)
(174 65 63 1 0)
(175 62 61 5 0)
(180 62 61 1 0)
(181 60 60 2 0)
(183 64 62 1 0)
(184 67 64 2 0)
(186 69 65 1 0)
(187 65 63 5 0)
(192 65 63 1/2 0)
(385/2 70 66 1 0)
(387/2 62 61 1/2 0)
(194 63 62 1 0)
(195 62 61 1/2 0)
(391/2 60 60 5/2 0)
(198 69 65 1/2 0)
(397/2 72 67 1 0)
(399/2 70 66 1/2 0)
(200 69 65 1 0)
(201 67 64 1/2 0)
(403/2 65 63 5/2 0)
(204 65 63 1/2 0)
(409/2 70 66 1 0)
(411/2 74 68 1/2 0)
(206 72 67 1 0)
(207 70 66 1/2 0)
(415/2 67 64 5/2 0)
(210 67 64 1/2 0)
(421/2 65 63 1 0)
(423/2 70 66 1/2 0)
(212 72 67 1 0)
(213 74 68 1/2 0)
(427/2 70 66 5/2 0)
(216 65 63 1/2 0)
(433/2 70 66 1/2 0)
(217 70 66 1/2 0)
(435/2 70 66 1/2 0)
(218 70 66 3/4 0)
(875/4 70 66 1/4 0)
(219 69 65 1/4 0)
(877/4 67 64 1/4 0)
(439/2 69 65 1/2 0)
(220 69 65 3/4 0)
(883/4 69 65 1/4 0)
(221 69 65 1 0)
(222 65 63 1/2 0)
(445/2 67 64 1/2 0)
(223 67 64 1/2 0)
(447/2 69 65 1/2 0)
(224 70 66 1/2 0)
(449/2 69 65 1/2 0)
(225 67 64 1/2 0)
(451/2 67 64 1/2 0)
(226 65 63 1/2 0)
(453/2 65 63 1/2 0)
(227 65 63 1 0)
(228 65 63 1/2 0)
(457/2 70 66 1 0)
(459/2 62 61 1/2 0)
(230 63 62 1 0)
(231 62 61 1/2 0)
(463/2 60 60 5/2 0)
(234 69 65 1/2 0)
(469/2 72 67 1 0)
(471/2 70 66 1/2 0)
(236 69 65 1 0)
(237 67 64 1/2 0)
(475/2 65 63 5/2 0)
(240 65 63 1/2 0)
(481/2 70 66 1 0)
(483/2 74 68 1/2 0)
(242 72 67 1 0)
(243 70 66 1/2 0)
(487/2 67 64 5/2 0)
(246 67 64 1/2 0)
(493/2 65 63 1 0)
(495/2 70 66 1/2 0)
(248 72 67 1 0)
(249 74 68 1/2 0)
(499/2 70 66 5/2 0)
(252 65 63 1/2 0)
(505/2 70 66 1 0)
(507/2 74 68 1/2 0)
(254 72 67 1 0)
(255 70 66 1/2 0)
(511/2 67 64 5/2 0)
(258 67 64 1/2 0)
(517/2 65 63 1 0)
(519/2 70 66 1/2 0)
(260 72 67 1 0)
(261 74 68 1/2 0)
(523/2 70 66 5/2 0)
(264 62 61 1 0)
(265 67 64 2 0)
(267 74 68 1 0)
(268 72 67 2 0)
(270 71 66 1 0)
(271 69 65 5 0)
(276 69 65 1 0)
(277 69 65 2 0)
(279 67 64 1 0)
(280 66 63 2 0)
(282 64 62 1 0)
(283 62 61 5 0)
(288 62 61 1 0)
(289 71 66 2 0)
(291 71 66 1 0)
(292 69 65 2 0)
(294 71 66 1 0)
(295 72 67 5 0)
(300 64 62 1/2 0)
(601/2 64 62 1/2 0)
(301 62 61 2 0)
(303 67 64 1 0)
(304 69 65 2 0)
(306 71 66 1 0)
(307 67 64 5 0)
(312 62 61 1 0)
(313 67 64 1 0)
(314 67 64 1 0)
(315 67 64 1 0)
(316 67 64 1 0)
(317 66 63 3/2 0)
(637/2 64 62 1/2 0)
(319 66 63 1 0)
(320 66 63 1 0)
(321 66 63 1 0)
(322 66 63 2 0)
(324 64 62 1/2 0)
(649/2 66 63 1/2 0)
(325 64 62 1 0)
(326 64 62 1 0)
(327 64 62 1 0)
(328 67 64 1 0)
(329 66 63 3/2 0)
(661/2 64 62 1/2 0)
(331 64 62 1 0)
(332 62 61 1 0)
(333 61 60 1 0)
(334 62 61 1 0)
(335 64 62 1 0)
(336 66 63 1 0)
(337 67 64 2 0)
(339 74 68 1 0)
(340 72 67 2 0)
(342 71 66 1 0)
(343 69 65 5 0)
(348 69 65 1 0)
(349 69 65 2 0)
(351 67 64 1 0)
(352 66 63 2 0)
(354 64 62 1 0)
(355 62 61 5 0)
(360 62 61 1 0)
(361 71 66 2 0)
(363 71 66 1 0)
(364 69 65 2 0)
(366 71 66 1 0)
(367 72 67 5 0)
(372 64 62 1/2 0)
(745/2 64 62 1/2 0)
(373 62 61 2 0)
(375 67 64 1 0)
(376 69 65 2 0)
(378 71 66 1 0)
(379 67 64 5 0)
(384 62 61 1/2 0)
(769/2 67 64 1 0)
(771/2 59 59 1/2 0)
(386 64 62 1 0)
(387 62 61 1/2 0)
(775/2 60 60 5/2 0)
(390 60 60 1/2 0)
(781/2 69 65 1 0)
(783/2 67 64 1/2 0)
(392 66 63 1 0)
(393 67 64 1/2 0)
(787/2 62 61 5/2 0)
(396 62 61 1/2 0)
(793/2 67 64 1 0)
(795/2 71 66 1/2 0)
(398 69 65 1 0)
(399 67 64 1/4 0)
(1597/4 66 63 1/4 0)
(799/2 64 62 5/2 0)
(402 62 61 1/2 0)
(805/2 64 62 1 0)
(807/2 67 64 1/2 0)
(404 66 63 1 0)
(405 69 65 1/2 0)
(811/2 67 64 5/2 0)
(408 62 61 1/2 0)
(817/2 62 61 1/2 0)
(409 67 64 1/2 0)
(819/2 67 64 1/2 0)
(410 67 64 1/2 0)
(821/2 66 63 1/2 0)
(411 64 62 1/2 0)
(823/2 62 61 1/2 0)
(412 66 63 1/2 0)
(825/2 66 63 1/2 0)
(413 66 63 1 0)
(414 66 63 1/2 0)
(829/2 64 62 1 0)
(831/2 66 63 1/2 0)
(416 67 64 1/2 0)
(833/2 66 63 1/2 0)
(417 64 62 1/2 0)
(835/2 64 62 1/2 0)
(418 62 61 1/2 0)
(837/2 61 60 1/2 0)
(419 62 61 1/2 0)
(839/2 64 62 1/2 0)
(420 66 63 1/2 0)
(841/2 67 64 1 0)
(843/2 62 61 1/2 0)
(422 64 62 1 0)
(423 62 61 1/2 0)
(847/2 60 60 5/2 0)
(426 66 63 1/2 0)
(853/2 69 65 1 0)
(855/2 67 64 1/2 0)
(428 66 63 1 0)
(429 67 64 1/2 0)
(859/2 62 61 5/2 0)
(432 62 61 1/2 0)
(865/2 67 64 1 0)
(867/2 71 66 1/2 0)
(434 69 65 1 0)
(435 67 64 1/4 0)
(1741/4 66 63 1/4 0)
(871/2 64 62 5/2 0)
(438 62 61 1/2 0)
(877/2 64 62 1 0)
(879/2 67 64 1/2 0)
(440 66 63 1 0)
(441 69 65 1/2 0)
(883/2 67 64 5/2 0)
(444 74 68 1/2 0)
(889/2 79 71 1 0)
(891/2 74 68 1/2 0)
(446 72 67 1 0)
(447 71 66 1/2 0)
(895/2 69 65 3/2 0)
(449 78 70 1/2 0)
(899/2 81 72 1/2 0)
(450 81 72 1/2 0)
(901/2 79 71 1/2 0)
(451 74 68 1 0)
(452 72 67 1/2 0)
(905/2 71 66 3/2 0)
(454 74 68 1/4 0)
(1817/4 74 68 1/4 0)
(909/2 78 70 1 0)
(911/2 83 73 1/2 0)
(456 81 72 1 0)
(457 79 71 1/2 0)
(915/2 76 69 3/2 0)
(459 76 69 1/2 0)
(919/2 74 68 1 0)
(921/2 78 70 1/2 0)
(461 81 72 1 0)
(462 83 73 1/2 0)
(925/2 79 71 3/2 0)
(464 74 68 1/2 0)
(929/2 79 71 1 0)
(931/2 79 71 1/2 0)
(466 79 71 1/2 0)
(933/2 78 70 1/2 0)
(467 76 69 1/2 0)
(935/2 74 68 1/2 0)
(468 78 70 1/2 0)
(937/2 78 70 1/2 0)
(469 78 70 1 0)
(470 78 70 1/2 0)
(941/2 76 69 1 0)
(943/2 78 70 1/2 0)
(472 79 71 1/2 0)
(945/2 78 70 1/2 0)
(473 76 69 1/2 0)
(947/2 76 69 1 0)
(949/2 74 68 1/2 0)
(475 74 68 1 0)
(476 74 68 1/2 0)
(953/2 79 71 1 0)
(955/2 74 68 1/2 0)
(478 72 67 1 0)
(479 71 66 1/2 0)
(959/2 69 65 3/2 0)
(481 78 70 1/2 0)
(963/2 81 72 1 0)
(965/2 78 70 1/2 0)
(483 74 68 1 0)
(484 72 67 1/2 0)
(969/2 71 66 3/2 0)
(486 74 68 1/2 0)
(973/2 79 71 1 0)
(975/2 83 73 1/2 0)
(488 81 72 1 0)
(489 79 71 1/2 0)
(979/2 76 69 3/2 0)
(491 76 69 1/2 0)
(983/2 74 68 1 0)
(985/2 78 70 1/2 0)
(493 81 72 1 0)
(494 83 73 1/2 0)
(989/2 79 71 1 0)
(991/2 74 68 1/2 0)
(496 79 71 1 0)
(497 71 66 1/2 0)
(995/2 76 69 1 0)
(997/2 74 68 1/2 0)
(499 72 67 5/2 0)
(1003/2 78 70 1/2 0)
(502 81 72 1 0)
(503 74 68 1/2 0)
(1007/2 74 68 1 0)
(1009/2 72 67 1/2 0)
(505 71 66 5/2 0)
(1015/2 74 68 1/2 0)
(508 79 71 1 0)
(509 79 71 1/2 0)
(1019/2 81 72 1 0)
(1021/2 79 71 1/2 0)
(511 76 69 5/2 0)
(1027/2 76 69 1/2 0)
(514 74 68 1 0)
(515 79 71 1/2 0)
(1031/2 78 70 1 0)
(1033/2 81 72 1/2 0)
(517 79 71 5/2 0)
(1039/2 74 68 1/2 0)
(520 79 71 1/2 0)
(1041/2 79 71 1/2 0)
(521 79 71 1/2 0)
(1043/2 79 71 1 0)
(1045/2 76 69 1/2 0)
(523 78 70 3/4 0)
(2095/4 78 70 1/4 0)
(524 78 70 1/2 0)
(1049/2 78 70 5/4 0)
(2103/4 78 70 1/4 0)
(526 76 69 1/2 0)
(1053/2 76 69 1/2 0)
(527 76 69 1/2 0)
(1055/2 79 71 1/2 0)
(528 78 70 1/2 0)
(1057/2 76 69 1/2 0)
(529 76 69 1/2 0)
(1059/2 74 68 3/4 0)
(2121/4 73 67 1/4 0)
(1061/2 74 68 1 0)
(1063/2 74 68 1/2 0)
(532 79 71 1 0)
(533 71 66 1/2 0)
(1067/2 76 69 1 0)
(1069/2 74 68 1/2 0)
(535 72 67 5/2 0)
(1075/2 78 70 1/4 0)
(2151/4 78 70 1/4 0)
(538 81 72 1 0)
(539 81 72 1/2 0)
(1079/2 76 69 1 0)
(1081/2 74 68 1/2 0)
(541 71 66 5/2 0)
(1087/2 74 68 1/2 0)
(544 79 71 1 0)
(545 79 71 1/2 0)
(1091/2 81 72 1 0)
(1093/2 79 71 1/2 0)
(547 76 69 3/2 0)
(1097/2 76 69 1 0)
(1099/2 75 69 1/2 0)
(550 74 68 1 0)
(551 79 71 1/2 0)
(1103/2 78 70 1 0)
(1105/2 81 72 1/2 0)
(553 79 71 5/2 0)
(1111/2 78 70 1/2 0)
(556 79 71 1 0)
(557 74 68 1/2 0)
(1115/2 72 67 1 0)
(1117/2 71 66 1/2 0)
(559 69 65 5/2 0)
(1123/2 79 71 1/2 0)
(562 78 70 1/2 0)
(1125/2 78 70 1/2 0)
(563 76 69 1/2 0)
(1127/2 74 68 1/2 0)
(564 74 68 1/2 0)
(1129/2 72 67 1/2 0)
(565 71 66 5/2 0)
(1135/2 74 68 1/4 0)
(2271/4 74 68 1/4 0)
(568 79 71 1 0)
(569 79 71 1/2 0)
(1139/2 81 72 1 0)
(1141/2 79 71 1/2 0)
(571 76 69 1 0)
(572 76 69 1/2 0)
(1145/2 74 68 1 0)
(1147/2 79 71 1/2 0)
(574 78 70 1 0)
(575 81 72 1/2 0)
(1151/2 79 71 5/2 0)
