(0 62 61 1/2 0)
(1/2 67 64 1 0)
(3/2 67 64 1/2 0)
(2 67 64 1/2 0)
(5/2 66 63 1/2 0)
(3 67 64 1/2 0)
(7/2 69 65 1 0)
(9/2 72 67 1/2 0)
(5 66 63 1 0)
(6 62 61 1/2 0)
(13/2 67 64 1/2 0)
(7 62 61 1/2 0)
(15/2 67 64 1 0)
(17/2 67 64 1/2 0)
(9 67 64 1/2 0)
(19/2 66 63 1/2 0)
(10 67 64 1/2 0)
(21/2 69 65 1 0)
(23/2 72 67 1/2 0)
(12 66 63 1 0)
(13 62 61 1/2 0)
(27/2 67 64 1/2 0)
(14 74 68 1/2 0)
(29/2 71 66 1/2 0)
(15 74 68 1/2 0)
(31/2 74 68 1/2 0)
(16 74 68 1/2 0)
(33/2 76 69 1/2 0)
(17 74 68 1/2 0)
(35/2 74 68 1 0)
(37/2 72 67 1/2 0)
(19 72 67 1 0)
(20 72 67 1/2 0)
(41/2 71 66 1/2 0)
(21 69 65 1/2 0)
(43/2 71 66 1/2 0)
(22 74 68 1/2 0)
(45/2 74 68 1/2 0)
(23 71 66 1/2 0)
(47/2 71 66 1/2 0)
(24 69 65 1/2 0)
(49/2 67 64 1/2 0)
(25 69 65 1 0)
(26 74 68 1/2 0)
(53/2 71 66 1 0)
(55/2 71 66 1/2 0)
(28 69 65 1/2 0)
(57/2 67 64 1/2 0)
(29 69 65 1/2 0)
(59/2 67 64 1/2 0)
(30 62 61 1/2 0)
(61/2 71 66 1/2 0)
(31 71 66 1/2 0)
(63/2 71 66 1/2 0)
(32 71 66 1/2 0)
(65/2 69 65 1/2 0)
(33 67 64 1/2 0)
(67/2 69 65 3/2 0)
(35 74 68 1/2 0)
(71/2 71 66 1/2 0)
(36 69 65 1/2 0)
(73/2 67 64 3/2 0)
(38 71 66 1/2 0)
(77/2 74 68 1 0)
(79/2 74 68 1/2 0)
(40 74 68 1/2 0)
(81/2 76 69 1/2 0)
(41 78 70 1/2 0)
(83/2 76 69 1/2 0)
(42 76 69 1/2 0)
(85/2 74 68 1/2 0)
(43 76 69 1 0)
(44 74 68 1/2 0)
(89/2 69 65 1 0)
(91/2 67 64 1/2 0)
(46 69 65 1/2 0)
(93/2 71 66 1/2 0)
(47 72 67 1/2 0)
(95/2 74 68 1/2 0)
(48 74 68 1/2 0)
(97/2 76 69 1/2 0)
(49 74 68 1/2 0)
(99/2 71 66 1/2 0)
(50 69 65 1/2 0)
(101/2 67 64 3/2 0)
(52 62 61 1 0)
(53 67 64 1 0)
(54 71 66 1 0)
(55 71 66 1 0)
(56 71 66 2 0)
(58 67 64 1 0)
(59 69 65 3 0)
(62 74 68 1 0)
(63 71 66 1 0)
(64 69 65 1 0)
(65 67 64 5 0)
(70 62 61 1 0)
(71 67 64 1 0)
(72 71 66 1 0)
(73 71 66 1 0)
(74 71 66 2 0)
(76 67 64 1 0)
(77 69 65 3 0)
(80 74 68 1 0)
(81 71 66 1 0)
(82 69 65 1 0)
(83 67 64 5 0)
(88 71 66 1 0)
(89 71 66 1 0)
(90 71 66 1 0)
(91 71 66 1 0)
(92 72 67 2 0)
(94 74 68 1 0)
(95 76 69 1 0)
(96 76 69 1 0)
(97 74 68 1 0)
(98 74 68 3/2 0)
(199/2 72 67 1/2 0)
(100 71 66 1 0)
(101 69 65 2 0)
(103 69 65 1 0)
(104 76 69 2 0)
(106 76 69 1 0)
(107 74 68 2 0)
(109 79 71 1 0)
(110 74 68 3/2 0)
(223/2 71 66 1/2 0)
(112 69 65 1 0)
(113 67 64 5 0)
(118 71 66 1 0)
(119 71 66 1 0)
(120 71 66 1 0)
(121 71 66 1 0)
(122 72 67 2 0)
(124 74 68 1 0)
(125 76 69 1 0)
(126 76 69 1 0)
(127 74 68 1 0)
(128 74 68 3/2 0)
(259/2 72 67 1/2 0)
(130 71 66 1 0)
(131 69 65 2 0)
(133 69 65 1 0)
(134 76 69 2 0)
(136 76 69 1 0)
(137 74 68 2 0)
(139 79 71 1 0)
(140 74 68 3/2 0)
(283/2 71 66 1/2 0)
(142 69 65 1 0)
(143 67 64 5 0)
(148 62 61 1/2 0)
(297/2 67 64 1/2 0)
(149 71 66 1/2 0)
(299/2 71 66 1/2 0)
(150 71 66 1/2 0)
(301/2 69 65 1/2 0)
(151 67 64 1/2 0)
(303/2 69 65 1 0)
(305/2 74 68 1/2 0)
(153 74 68 1/2 0)
(307/2 71 66 1/2 0)
(154 69 65 1/2 0)
(309/2 67 64 3/2 0)
(156 62 61 1/2 0)
(313/2 67 64 1/2 0)
(157 71 66 1/2 0)
(315/2 71 66 1/2 0)
(158 71 66 1/2 0)
(317/2 69 65 1/2 0)
(159 67 64 1/2 0)
(319/2 69 65 1 0)
(321/2 74 68 1/2 0)
(161 74 68 1/2 0)
(323/2 71 66 1/2 0)
(162 69 65 1/2 0)
(325/2 67 64 3/2 0)
(164 71 66 1/2 0)
(329/2 71 66 1/2 0)
(165 71 66 1/2 0)
(331/2 71 66 1/2 0)
(166 72 67 1 0)
(167 74 68 1/2 0)
(335/2 76 69 1/2 0)
(168 76 69 1/2 0)
(337/2 74 68 1/2 0)
(169 74 68 1 0)
(170 71 66 1/4 0)
(681/4 71 66 1/4 0)
(341/2 69 65 1/2 0)
(171 69 65 1/2 0)
(343/2 69 65 1/2 0)
(172 69 65 1/2 0)
(345/2 71 66 1/2 0)
(173 72 67 1/2 0)
(347/2 74 68 1 0)
(349/2 76 69 1/2 0)
(175 74 68 1/2 0)
(351/2 71 66 3/4 0)
(705/4 69 65 1/4 0)
(353/2 67 64 3/2 0)
(178 62 61 1/2 0)
(357/2 62 61 1/2 0)
(179 67 64 1 0)
(180 71 66 1/2 0)
(361/2 71 66 1 0)
(363/2 67 64 1/2 0)
(182 69 65 1 0)
(183 74 68 1/2 0)
(367/2 72 67 1/2 0)
(184 71 66 1/2 0)
(369/2 69 65 1/2 0)
(185 67 64 2 0)
(187 62 61 1/2 0)
(375/2 62 61 1/2 0)
(188 67 64 1 0)
(189 71 66 1/2 0)
(379/2 71 66 1 0)
(381/2 67 64 1/2 0)
(191 69 65 1 0)
(192 74 68 1/2 0)
(385/2 72 67 1/2 0)
(193 71 66 1/2 0)
(387/2 69 65 1/2 0)
(194 67 64 5/2 0)
(393/2 74 68 1/2 0)
(197 74 68 1 0)
(198 74 68 1/2 0)
(397/2 74 68 1 0)
(399/2 74 68 1/2 0)
(200 76 69 1 0)
(201 74 68 1/2 0)
(403/2 71 66 1 0)
(405/2 71 66 1/2 0)
(203 69 65 1 0)
(204 69 65 1/2 0)
(409/2 69 65 1/2 0)
(205 71 66 1/2 0)
(411/2 72 67 1/2 0)
(206 74 68 1 0)
(207 76 69 1/2 0)
(415/2 74 68 1/2 0)
(208 72 67 1/2 0)
(417/2 69 65 1/2 0)
(209 71 66 5/2 0)
(423/2 74 68 1/2 0)
(212 74 68 1 0)
(213 74 68 1/2 0)
(427/2 74 68 1 0)
(429/2 74 68 1/2 0)
(215 76 69 1 0)
(216 74 68 1/2 0)
(433/2 71 66 1 0)
(435/2 71 66 1/2 0)
(218 69 65 1 0)
(219 69 65 1/2 0)
(439/2 69 65 1/2 0)
(220 71 66 1/2 0)
(441/2 72 67 1/2 0)
(221 74 68 1 0)
(222 76 69 1/2 0)
(445/2 74 68 1/2 0)
(223 72 67 1/2 0)
(447/2 69 65 1/2 0)
(224 67 64 5/2 0)
(453/2 67 64 1/2 0)
(227 71 66 1 0)
(228 71 66 1/2 0)
(457/2 71 66 1/2 0)
(229 69 65 1/2 0)
(459/2 67 64 1/2 0)
(230 69 65 1 0)
(231 71 66 1/2 0)
(463/2 72 67 1/2 0)
(232 71 66 1/2 0)
(465/2 69 65 1/2 0)
(233 67 64 5/2 0)
(471/2 67 64 1/2 0)
(236 71 66 1 0)
(237 71 66 1/2 0)
(475/2 71 66 1/2 0)
(238 69 65 1/2 0)
(477/2 67 64 1/2 0)
(239 69 65 1 0)
(240 71 66 1/2 0)
(481/2 72 67 1/2 0)
(241 71 66 1/2 0)
(483/2 69 65 1/2 0)
(242 67 64 5/2 0)
(489/2 71 66 1/2 0)
(245 74 68 1 0)
(246 74 68 1/2 0)
(493/2 74 68 1/2 0)
(247 76 69 1/2 0)
(495/2 78 70 1/2 0)
(248 76 69 1/2 0)
(497/2 74 68 1/2 0)
(249 74 68 1/2 0)
(499/2 74 68 1 0)
(501/2 71 66 1/2 0)
(251 69 65 1/2 0)
(503/2 69 65 1/2 0)
(252 67 64 1/2 0)
(505/2 71 66 1 0)
(507/2 72 67 1/2 0)
(254 74 68 1 0)
(255 74 68 1/2 0)
(511/2 74 68 1/2 0)
(256 71 66 1/2 0)
(513/2 69 65 1/2 0)
(257 67 64 3/2 0)
(517/2 62 61 1/2 0)
(259 67 64 1 0)
(260 62 61 1/2 0)
(521/2 67 64 1 0)
(523/2 62 61 1/2 0)
(262 67 64 3/2 0)
(527/2 74 68 1/2 0)
(264 72 67 1/2 0)
(529/2 71 66 1/2 0)
(265 69 65 3/2 0)
(533/2 74 68 1/2 0)
(267 71 66 1/2 0)
(535/2 71 66 1/2 0)
(268 71 66 1/2 0)
(537/2 72 67 1 0)
(539/2 74 68 1/2 0)
(270 76 69 1/2 0)
(541/2 76 69 1/2 0)
(271 74 68 1/2 0)
(543/2 72 67 1/2 0)
(272 72 67 1/2 0)
(545/2 71 66 1/2 0)
(273 69 65 1 0)
(274 69 65 1/2 0)
(549/2 69 65 1/2 0)
(275 71 66 1/2 0)
(551/2 72 67 1/2 0)
(276 74 68 1 0)
(277 76 69 1/2 0)
(555/2 74 68 1/2 0)
(278 72 67 1/2 0)
(557/2 69 65 1/2 0)
(279 67 64 3/2 0)
(561/2 74 68 1/2 0)
(281 71 66 1/2 0)
(563/2 71 66 1/2 0)
(282 71 66 1/2 0)
(565/2 72 67 1 0)
(567/2 74 68 1/2 0)
(284 76 69 1/2 0)
(569/2 76 69 1/2 0)
(285 74 68 1/2 0)
(571/2 72 67 1/2 0)
(286 72 67 1/2 0)
(573/2 71 66 1/2 0)
(287 69 65 1 0)
(288 69 65 1/2 0)
(577/2 69 65 1/2 0)
(289 71 66 1/2 0)
(579/2 72 67 1/2 0)
(290 74 68 1 0)
(291 76 69 1/2 0)
(583/2 74 68 1/2 0)
(292 72 67 1/2 0)
(585/2 69 65 1/2 0)
(293 67 64 3/2 0)
(589/2 62 61 1/2 0)
(295 67 64 1 0)
(296 71 66 1/2 0)
(593/2 71 66 1/2 0)
(297 69 65 1/2 0)
(595/2 67 64 1/2 0)
(298 69 65 1 0)
(299 71 66 1/2 0)
(599/2 72 67 1/2 0)
(300 71 66 1/2 0)
(601/2 69 65 1/2 0)
(301 67 64 3/2 0)
(605/2 62 61 1/2 0)
(303 67 64 1 0)
(304 71 66 1/2 0)
(609/2 71 66 1/2 0)
(305 69 65 1/2 0)
(611/2 67 64 1/2 0)
(306 69 65 1 0)
(307 71 66 1/2 0)
(615/2 72 67 1/2 0)
(308 71 66 1/2 0)
(617/2 69 65 1/2 0)
(309 67 64 3/2 0)
(621/2 71 66 1/2 0)
(311 74 68 1 0)
(312 74 68 1/2 0)
(625/2 76 69 1 0)
(627/2 76 69 1/2 0)
(314 74 68 1/2 0)
(629/2 74 68 1/2 0)
(315 74 68 1/2 0)
(631/2 74 68 1 0)
(633/2 72 67 1/2 0)
(317 71 66 1/2 0)
(635/2 69 65 1/2 0)
(318 67 64 1/2 0)
(637/2 69 65 1/2 0)
(319 71 66 1/2 0)
(639/2 72 67 1/2 0)
(320 74 68 1 0)
(321 74 68 1/2 0)
(643/2 74 68 1/2 0)
(322 71 66 1/2 0)
(645/2 69 65 1/2 0)
(323 67 64 5/2 0)
(651/2 62 61 1/2 0)
(326 67 64 1 0)
(327 71 66 1/2 0)
(655/2 71 66 1/2 0)
(328 69 65 1/2 0)
(657/2 67 64 1/2 0)
(329 69 65 1 0)
(330 74 68 1/2 0)
(661/2 72 67 1/2 0)
(331 71 66 1/2 0)
(663/2 69 65 1/2 0)
(332 67 64 3/2 0)
(667/2 62 61 1/2 0)
(334 67 64 1 0)
(335 71 66 1/2 0)
(671/2 71 66 1/2 0)
(336 69 65 1/2 0)
(673/2 67 64 1/2 0)
(337 69 65 1 0)
(338 74 68 1/2 0)
(677/2 72 67 1/2 0)
(339 71 66 1/2 0)
(679/2 69 65 1/2 0)
(340 67 64 3/2 0)
(683/2 74 68 1/2 0)
(342 74 68 1/2 0)
(685/2 74 68 1/2 0)
(343 71 66 1/2 0)
(687/2 71 66 1/2 0)
(344 72 67 1/2 0)
(689/2 74 68 1/2 0)
(345 76 69 1 0)
(346 74 68 1/2 0)
(693/2 72 67 1 0)
(695/2 71 66 1/2 0)
(348 69 65 1 0)
(349 69 65 1/2 0)
(699/2 69 65 1/2 0)
(350 71 66 1/2 0)
(701/2 72 67 1/2 0)
(351 74 68 1 0)
(352 76 69 1/2 0)
(705/2 74 68 1/2 0)
(353 71 66 1/2 0)
(707/2 69 65 1/2 0)
(354 67 64 3/2 0)
(711/2 62 61 1/2 0)
(356 67 64 1 0)
(357 71 66 1/2 0)
(715/2 71 66 1/2 0)
(358 69 65 1/2 0)
(717/2 67 64 1/2 0)
(359 69 65 1 0)
(360 76 69 1/2 0)
(721/2 74 68 1/2 0)
(361 72 67 1/2 0)
(723/2 69 65 1/2 0)
(362 67 64 5/2 0)
(729/2 62 61 1/2 0)
(365 67 64 1 0)
(366 71 66 1/2 0)
(733/2 71 66 1/2 0)
(367 69 65 1/2 0)
(735/2 67 64 1/2 0)
(368 69 65 1 0)
(369 76 69 1/2 0)
(739/2 74 68 1/2 0)
(370 72 67 1/2 0)
(741/2 69 65 1/2 0)
(371 67 64 5/2 0)
(747/2 74 68 1/2 0)
(374 74 68 1 0)
(375 74 68 1/2 0)
(751/2 74 68 1 0)
(753/2 74 68 1/2 0)
(377 76 69 1 0)
(378 74 68 1/2 0)
(757/2 71 66 1 0)
(759/2 71 66 1/2 0)
(380 69 65 1 0)
(381 69 65 1/2 0)
(763/2 69 65 1/2 0)
(382 71 66 1/2 0)
(765/2 72 67 1/2 0)
(383 74 68 1 0)
(384 76 69 1/2 0)
(769/2 74 68 1/2 0)
(385 72 67 1/2 0)
(771/2 69 65 1/2 0)
(386 71 66 5/2 0)
(777/2 74 68 1/2 0)
(389 74 68 1 0)
(390 74 68 1/2 0)
(781/2 74 68 1 0)
(783/2 74 68 1/2 0)
(392 76 69 1 0)
(393 74 68 1/2 0)
(787/2 71 66 1 0)
(789/2 71 66 1/2 0)
(395 69 65 1 0)
(396 69 65 1/2 0)
(793/2 69 65 1/2 0)
(397 71 66 1/2 0)
(795/2 72 67 1/2 0)
(398 74 68 1 0)
(399 76 69 1/2 0)
(799/2 74 68 1/2 0)
(400 72 67 1/2 0)
(801/2 69 65 1/2 0)
(401 67 64 5/2 0)
(807/2 62 61 1/2 0)
(404 67 64 1 0)
(405 62 61 1/2 0)
(811/2 67 64 1 0)
(813/2 62 61 1/2 0)
(407 67 64 1 0)
(408 74 68 1/2 0)
(817/2 74 68 1/2 0)
(409 72 67 1/2 0)
(819/2 71 66 1/2 0)
(410 69 65 3/2 0)
(823/2 74 68 1/2 0)
(412 71 66 1/2 0)
(825/2 71 66 1/2 0)
(413 71 66 1/2 0)
(827/2 72 67 1 0)
(829/2 74 68 1/2 0)
(415 76 69 1/2 0)
(831/2 76 69 1/2 0)
(416 74 68 1/2 0)
(833/2 72 67 1/2 0)
(417 72 67 1/2 0)
(835/2 71 66 1/2 0)
(418 69 65 1 0)
(419 69 65 1/2 0)
(839/2 69 65 1/2 0)
(420 71 66 1/2 0)
(841/2 72 67 1/2 0)
(421 74 68 1 0)
(422 76 69 1/2 0)
(845/2 72 67 1/2 0)
(423 71 66 1/2 0)
(847/2 69 65 1/2 0)
(424 67 64 3/2 0)
(851/2 74 68 1/2 0)
(426 71 66 1/2 0)
(853/2 71 66 1/2 0)
(427 71 66 1/2 0)
(855/2 72 67 1 0)
(857/2 74 68 1/2 0)
(429 76 69 1/2 0)
(859/2 76 69 1/2 0)
(430 74 68 1/2 0)
(861/2 72 67 1/2 0)
(431 72 67 1/2 0)
(863/2 71 66 1/2 0)
(432 69 65 1 0)
(433 69 65 1/2 0)
(867/2 69 65 1/2 0)
(434 71 66 1/2 0)
(869/2 72 67 1/2 0)
(435 74 68 1 0)
(436 76 69 1/2 0)
(873/2 72 67 1/2 0)
(437 71 66 1/2 0)
(875/2 69 65 1/2 0)
(438 67 64 3/2 0)
(879/2 62 61 1/2 0)
(440 67 64 1 0)
(441 71 66 1/2 0)
(883/2 71 66 1 0)
(885/2 71 66 1/2 0)
(443 69 65 1 0)
(444 74 68 1/2 0)
(889/2 72 67 1/2 0)
(445 71 66 1/2 0)
(891/2 69 65 1/2 0)
(446 67 64 3/2 0)
(895/2 74 68 1/2 0)
(448 74 68 1/2 0)
(897/2 67 64 1 0)
(899/2 71 66 1/2 0)
(450 69 65 1 0)
(451 74 68 1/2 0)
(903/2 72 67 1/2 0)
(452 71 66 1/2 0)
(905/2 69 65 1/2 0)
(453 67 64 1/2 0)
(907/2 74 68 1/4 0)
(1815/4 74 68 1/4 0)
(454 74 68 1/4 0)
(1817/4 74 68 1 0)
(1821/4 74 68 1/2 0)
(1823/4 76 69 1/2 0)
(1825/4 79 71 1/2 0)
(1827/4 78 70 1/2 0)
(1829/4 76 69 1 0)
(1833/4 74 68 1/2 0)
(1835/4 72 67 1 0)
(1839/4 71 66 1/2 0)
(1841/4 69 65 1 0)
(1845/4 69 65 1/2 0)
(1847/4 69 65 1/2 0)
(1849/4 71 66 1/2 0)
(1851/4 72 67 1/2 0)
(1853/4 74 68 1 0)
(1857/4 76 69 1/2 0)
(1859/4 74 68 1/2 0)
(1861/4 71 66 1/2 0)
(1863/4 69 65 1/2 0)
(1865/4 67 64 3/2 0)
(1871/4 62 61 1/2 0)
(1873/4 67 64 1 0)
(1877/4 71 66 1/2 0)
(1879/4 71 66 1 0)
(1883/4 67 64 1/2 0)
(1885/4 69 65 1 0)
(1889/4 74 68 1/2 0)
(1891/4 74 68 1/2 0)
(1893/4 71 66 1/2 0)
(1895/4 69 65 1/2 0)
(1897/4 67 64 5/2 0)
(1907/4 62 61 1/2 0)
(1909/4 67 64 1 0)
(1913/4 71 66 1/2 0)
(1915/4 71 66 1 0)
(1919/4 67 64 1/2 0)
(1921/4 69 65 1 0)
(1925/4 74 68 1/2 0)
(1927/4 74 68 1/2 0)
(1929/4 71 66 1/2 0)
(1931/4 69 65 1/2 0)
(1933/4 67 64 5/2 0)
(1943/4 74 68 1/2 0)
(1945/4 71 66 1 0)
(1949/4 71 66 1/2 0)
(1951/4 72 67 1 0)
(1955/4 74 68 1/2 0)
(1957/4 76 69 1 0)
(1961/4 76 69 1/2 0)
(1963/4 74 68 1/2 0)
(1965/4 72 67 1/2 0)
(1967/4 71 66 1/2 0)
(1969/4 69 65 1 0)
(1973/4 71 66 1/2 0)
(1975/4 72 67 1 0)
(1979/4 72 67 1/2 0)
(1981/4 71 66 1 0)
(1985/4 74 68 1/2 0)
(1987/4 74 68 1/2 0)
(1989/4 76 69 1/2 0)
(1991/4 74 68 1/2 0)
(1993/4 67 64 5/2 0)
(2003/4 62 61 1/2 0)
(2005/4 67 64 1 0)
(2009/4 67 64 1/2 0)
(2011/4 67 64 1 0)
(2015/4 69 65 1/2 0)
(2017/4 71 66 1 0)
(2021/4 74 68 1/2 0)
(2023/4 72 67 1/2 0)
(2025/4 71 66 1/2 0)
(2027/4 69 65 1/2 0)
(2029/4 67 64 5/2 0)
(2039/4 62 61 1/2 0)
(2041/4 67 64 1 0)
(2045/4 67 64 1/2 0)
(2047/4 67 64 1 0)
(2051/4 69 65 1/2 0)
(2053/4 71 66 1 0)
(2057/4 74 68 1/2 0)
(2059/4 72 67 1/2 0)
(2061/4 71 66 1/2 0)
(2063/4 69 65 1/2 0)
(2065/4 67 64 5/2 0)
(2075/4 74 68 1/2 0)
(2077/4 71 66 1 0)
(2081/4 74 68 1/2 0)
(2083/4 76 69 1 0)
(2087/4 74 68 1/2 0)
(2089/4 76 69 1 0)
(2093/4 74 68 1/2 0)
(2095/4 72 67 1 0)
(2099/4 71 66 1/2 0)
(2101/4 69 65 1 0)
(2105/4 69 65 1/2 0)
(2107/4 69 65 1/2 0)
(2109/4 71 66 1/2 0)
(2111/4 72 67 1/2 0)
(2113/4 74 68 1 0)
(2117/4 76 69 1/2 0)
(2119/4 74 68 1/2 0)
(2121/4 71 66 1/2 0)
(2123/4 69 65 1/2 0)
(2125/4 67 64 5/2 0)
(2135/4 74 68 1/2 0)
(2137/4 71 66 1 0)
(2141/4 74 68 1/2 0)
(2143/4 76 69 1 0)
(2147/4 74 68 1/2 0)
(2149/4 76 69 1 0)
(2153/4 74 68 1/2 0)
(2155/4 72 67 1 0)
(2159/4 71 66 1/2 0)
(2161/4 69 65 1 0)
(2165/4 69 65 1/2 0)
(2167/4 69 65 1/2 0)
(2169/4 71 66 1/2 0)
(2171/4 72 67 1/2 0)
(2173/4 74 68 1 0)
(2177/4 76 69 1/2 0)
(2179/4 74 68 1/2 0)
(2181/4 71 66 1/2 0)
(2183/4 69 65 1/2 0)
(2185/4 67 64 5/2 0)
(2195/4 62 61 1/2 0)
(2197/4 71 66 1 0)
(2201/4 71 66 1/2 0)
(2203/4 71 66 1/2 0)
(2205/4 69 65 1/2 0)
(2207/4 67 64 1/2 0)
(2209/4 69 65 1 0)
(2213/4 71 66 1/2 0)
(2215/4 72 67 1/2 0)
(2217/4 71 66 1/2 0)
(2219/4 69 65 1/2 0)
(2221/4 67 64 5/2 0)
(2231/4 62 61 1/2 0)
(2233/4 71 66 1 0)
(2237/4 71 66 1/2 0)
(2239/4 71 66 1/2 0)
(2241/4 69 65 1/2 0)
(2243/4 67 64 1/2 0)
(2245/4 69 65 1 0)
(2249/4 71 66 1/2 0)
(2251/4 72 67 1/2 0)
(2253/4 71 66 1/2 0)
(2255/4 69 65 1/2 0)
(2257/4 67 64 5/2 0)
(2267/4 71 66 1/2 0)
(2269/4 74 68 1 0)
(2273/4 74 68 1/2 0)
(2275/4 74 68 1/2 0)
(2277/4 76 69 1/2 0)
(2279/4 78 70 1/2 0)
(2281/4 76 69 1/2 0)
(2283/4 74 68 1/2 0)
(2285/4 74 68 1/2 0)
(2287/4 74 68 1 0)
(2291/4 71 66 1/2 0)
(2293/4 69 65 1/2 0)
(2295/4 69 65 1/2 0)
(2297/4 67 64 1/2 0)
(2299/4 71 66 1 0)
(2303/4 72 67 1/2 0)
(2305/4 74 68 1 0)
(2309/4 74 68 1/2 0)
(2311/4 74 68 1/2 0)
(2313/4 71 66 1/2 0)
(2315/4 69 65 1/2 0)
(2317/4 67 64 5/2 0)
(2327/4 62 61 1/2 0)
(2329/4 67 64 1 0)
(2333/4 71 66 1/2 0)
(2335/4 71 66 1/2 0)
(2337/4 69 65 1/2 0)
(2339/4 67 64 1/2 0)
(2341/4 69 65 1 0)
(2345/4 74 68 1/2 0)
(2347/4 74 68 1/2 0)
(2349/4 71 66 1/2 0)
(2351/4 69 65 1/2 0)
(2353/4 67 64 5/2 0)
(2363/4 62 61 1/2 0)
(2365/4 67 64 1 0)
(2369/4 71 66 1/2 0)
(2371/4 71 66 1/2 0)
(2373/4 69 65 1/2 0)
(2375/4 67 64 1/2 0)
(2377/4 69 65 1 0)
(2381/4 71 66 1/2 0)
(2383/4 72 67 1/2 0)
(2385/4 71 66 1/2 0)
(2387/4 69 65 1/2 0)
(2389/4 67 64 5/2 0)
(2399/4 74 68 1/2 0)
(2401/4 74 68 3/4 0)
(601 71 66 1/4 0)
(2405/4 71 66 1/2 0)
(2407/4 74 68 1/2 0)
(2409/4 79 71 1/2 0)
(2411/4 78 70 1/2 0)
(2413/4 76 69 1 0)
(2417/4 74 68 1/2 0)
(2419/4 69 65 1 0)
(2423/4 71 66 1/2 0)
(2425/4 72 67 1/2 0)
(2427/4 74 68 1/2 0)
(2429/4 76 69 1/2 0)
(2431/4 76 69 1 0)
(2435/4 78 70 3/8 0)
(4873/8 76 69 1/8 0)
(2437/4 74 68 1 0)
(2441/4 76 69 1/2 0)
(2443/4 74 68 1/2 0)
(2445/4 71 66 1/2 0)
(2447/4 69 65 1/2 0)
(2449/4 67 64 5/2 0)
(2459/4 74 68 1/2 0)
(2461/4 74 68 1 0)
(2465/4 71 66 1/2 0)
(2467/4 74 68 1/2 0)
(2469/4 74 68 1/2 0)
(2471/4 78 70 1/2 0)
(2473/4 76 69 1 0)
(2477/4 74 68 1/2 0)
(2479/4 69 65 1 0)
(2483/4 71 66 1/2 0)
(2485/4 72 67 1/2 0)
(2487/4 74 68 1/2 0)
(2489/4 76 69 1/2 0)
(2491/4 76 69 1 0)
(2495/4 76 69 3/8 0)
(4993/8 76 69 1/8 0)
(2497/4 74 68 1 0)
(2501/4 76 69 1/2 0)
(2503/4 74 68 1/2 0)
(2505/4 71 66 1/2 0)
(2507/4 69 65 1/2 0)
(2509/4 67 64 5/2 0)
(2519/4 62 61 1/2 0)
(2521/4 67 64 1 0)
(2525/4 71 66 1/2 0)
(2527/4 71 66 1 0)
(2531/4 71 66 1/2 0)
(2533/4 69 65 1 0)
(2537/4 71 66 1/2 0)
(2539/4 72 67 1 0)
(2543/4 66 63 1/2 0)
(2545/4 67 64 5/2 0)
(2555/4 62 61 1/2 0)
(2557/4 67 64 1 0)
(2561/4 71 66 1/2 0)
(2563/4 71 66 1 0)
(2567/4 71 66 1/2 0)
(2569/4 69 65 1 0)
(2573/4 71 66 1/2 0)
(2575/4 72 67 1 0)
(2579/4 66 63 1/2 0)
(2581/4 67 64 5/2 0)
(2591/4 74 68 1/2 0)
(2593/4 74 68 1 0)
(2597/4 74 68 1/2 0)
(2599/4 76 69 1 0)
(2603/4 78 70 1/2 0)
(2605/4 76 69 1/2 0)
(2607/4 76 69 1/2 0)
(2609/4 74 68 1/2 0)
(2611/4 72 67 1 0)
(2615/4 71 66 1/2 0)
(2617/4 69 65 1 0)
(2621/4 69 65 1/2 0)
(2623/4 69 65 1/2 0)
(2625/4 71 66 1/2 0)
(2627/4 72 67 1/2 0)
(2629/4 74 68 1 0)
(2633/4 74 68 1/2 0)
(2635/4 74 68 1/2 0)
(2637/4 71 66 1/2 0)
(2639/4 69 65 1/2 0)
(2641/4 67 64 5/2 0)
(2651/4 74 68 1/2 0)
(2653/4 74 68 1 0)
(2657/4 74 68 1/2 0)
(2659/4 74 68 1/2 0)
(2661/4 76 69 1/2 0)
(2663/4 78 70 1/2 0)
(2665/4 76 69 1 0)
(2669/4 74 68 1/2 0)
(2671/4 72 67 1 0)
(2675/4 71 66 1/2 0)
(2677/4 69 65 1 0)
(2681/4 69 65 1/2 0)
(2683/4 69 65 1/2 0)
(2685/4 71 66 1/2 0)
(2687/4 72 67 1/2 0)
(2689/4 74 68 1 0)
(2693/4 74 68 1/2 0)
(2695/4 74 68 1/2 0)
(2697/4 71 66 1/2 0)
(2699/4 69 65 1/2 0)
(2701/4 67 64 5/2 0)
