(0 62 61 1 0)
(1 62 61 1 0)
(2 66 63 1 0)
(3 69 65 1 0)
(4 74 68 2 0)
(6 69 65 1 0)
(7 69 65 1 0)
(8 67 64 1 0)
(9 66 63 1 0)
(10 66 63 1 0)
(11 64 62 1 0)
(12 64 62 1 0)
(13 62 61 1 0)
(14 66 63 1 0)
(15 69 65 1 0)
(16 74 68 2 0)
(18 69 65 1/2 0)
(37/2 69 65 1/2 0)
(19 69 65 1 0)
(20 67 64 1 0)
(21 66 63 1 0)
(22 66 63 1 0)
(23 64 62 1 0)
(24 69 65 1 0)
(25 71 66 1 0)
(26 71 66 1 0)
(27 69 65 1/2 0)
(55/2 69 65 1/2 0)
(28 71 66 1 0)
(29 71 66 1 0)
(30 69 65 1 0)
(31 71 66 1 0)
(32 71 66 1 0)
(33 73 67 1 0)
(34 74 68 2 0)
(36 69 65 1 0)
(37 74 68 1 0)
(38 73 67 1 0)
(39 71 66 1 0)
(40 69 65 1 0)
(41 74 68 1 0)
(42 66 63 1/2 0)
(85/2 67 64 1/2 0)
(43 69 65 1 0)
(44 67 64 1 0)
(45 64 62 1 0)
(46 62 61 2 0)
(48 67 64 1 0)
(49 67 64 1 0)
(50 71 66 1 0)
(51 74 68 1 0)
(52 79 71 2 0)
(54 74 68 1 0)
(55 74 68 1 0)
(56 72 67 1 0)
(57 69 65 1 0)
(58 71 66 1 0)
(59 71 66 1 0)
(60 67 64 1 0)
(61 67 64 1 0)
(62 71 66 1 0)
(63 74 68 1 0)
(64 79 71 2 0)
(66 74 68 1/2 0)
(133/2 74 68 1/2 0)
(67 74 68 1 0)
(68 72 67 1 0)
(69 69 65 1 0)
(70 71 66 1 0)
(71 71 66 1 0)
(72 74 68 1 0)
(73 76 69 1 0)
(74 76 69 2 0)
(76 74 68 1 0)
(77 76 69 1 0)
(78 76 69 2 0)
(80 74 68 1 0)
(81 76 69 1 0)
(82 78 70 1 0)
(83 81 72 1 0)
(84 79 71 2 0)
(86 79 71 1 0)
(87 79 71 1 0)
(88 78 70 1 0)
(89 76 69 1 0)
(90 74 68 1 0)
(91 79 71 1 0)
(92 71 66 1 0)
(93 74 68 1 0)
(94 72 67 1 0)
(95 69 65 1 0)
(96 67 64 2 0)
(98 66 63 1/2 0)
(197/2 64 62 1/2 0)
(99 62 61 1 0)
(100 66 63 1 0)
(101 69 65 1 0)
(102 74 68 3/2 0)
(207/2 69 65 1/2 0)
(104 69 65 1/2 0)
(209/2 71 66 1/2 0)
(105 69 65 1 0)
(106 67 64 1 0)
(107 61 60 1 0)
(108 64 62 1 0)
(109 62 61 4 0)
(113 62 61 1 0)
(114 62 61 1 0)
(115 66 63 1 0)
(116 69 65 1 0)
(117 74 68 2 0)
(119 69 65 1/2 0)
(239/2 71 66 1/2 0)
(120 69 65 1 0)
(121 67 64 1 0)
(122 64 62 1 0)
(123 67 64 1 0)
(124 66 63 4 0)
(128 69 65 1 0)
(129 71 66 1 0)
(130 71 66 1 0)
(131 69 65 1 0)
(132 71 66 1 0)
(133 71 66 1 0)
(134 69 65 1 0)
(135 71 66 1 0)
(136 73 67 1 0)
(137 76 69 1 0)
(138 74 68 5 0)
(143 74 68 1 0)
(144 74 68 1 0)
(145 73 67 1 0)
(146 71 66 1 0)
(147 69 65 1 0)
(148 66 63 1 0)
(149 71 66 1 0)
(150 69 65 1 0)
(151 67 64 3/2 0)
(305/2 64 62 1/2 0)
(153 66 63 5 0)
(158 74 68 1 0)
(159 74 68 1 0)
(160 73 67 1 0)
(161 71 66 1 0)
(162 69 65 1 0)
(163 66 63 1 0)
(164 71 66 1 0)
(165 69 65 1 0)
(166 67 64 3/2 0)
(335/2 64 62 1/2 0)
(168 62 61 5 0)
(173 62 61 1 0)
(174 62 61 1 0)
(175 66 63 1 0)
(176 69 65 1 0)
(177 74 68 2 0)
(179 69 65 1 0)
(180 69 65 1 0)
(181 67 64 1 0)
(182 64 62 1 0)
(183 67 64 1 0)
(184 66 63 1 0)
(185 62 61 1 0)
(186 62 61 1 0)
(187 66 63 1 0)
(188 69 65 1 0)
(189 74 68 2 0)
(191 69 65 1 0)
(192 69 65 1 0)
(193 67 64 1 0)
(194 64 62 1 0)
(195 67 64 1 0)
(196 66 63 1 0)
(197 69 65 1 0)
(198 71 66 1 0)
(199 71 66 1 0)
(200 69 65 1 0)
(201 71 66 1 0)
(202 71 66 1 0)
(203 69 65 1 0)
(204 71 66 1 0)
(205 71 66 1 0)
(206 73 67 1 0)
(207 74 68 2 0)
(209 69 65 1 0)
(210 74 68 1 0)
(211 73 67 1 0)
(212 71 66 1 0)
(213 69 65 1 0)
(214 74 68 3/2 0)
(431/2 66 63 1/2 0)
(216 69 65 1 0)
(217 67 64 1 0)
(218 64 62 1 0)
(219 62 61 2 0)
(221 69 65 1 0)
(222 74 68 1 0)
(223 73 67 1 0)
(224 71 66 1 0)
(225 69 65 1 0)
(226 74 68 3/2 0)
(455/2 66 63 1/2 0)
(228 69 65 1 0)
(229 67 64 1 0)
(230 64 62 1 0)
(231 62 61 2 0)
(233 74 68 1 0)
(234 74 68 1 0)
(235 76 69 1 0)
(236 78 70 1 0)
(237 79 71 2 0)
(239 74 68 3/4 0)
(959/4 76 69 1/4 0)
(240 74 68 1 0)
(241 72 67 1 0)
(242 71 66 1 0)
(243 71 66 1 0)
(244 69 65 1 0)
(245 74 68 1 0)
(246 74 68 1 0)
(247 76 69 1 0)
(248 78 70 1 0)
(249 79 71 2 0)
(251 74 68 3/4 0)
(1007/4 76 69 1/4 0)
(252 74 68 1 0)
(253 72 67 1 0)
(254 71 66 1 0)
(255 71 66 1 0)
(256 69 65 1 0)
(257 74 68 1 0)
(258 76 69 1 0)
(259 76 69 2 0)
(261 74 68 1 0)
(262 76 69 1 0)
(263 76 69 2 0)
(265 74 68 1 0)
(266 76 69 1 0)
(267 78 70 1 0)
(268 81 72 1 0)
(269 79 71 2 0)
(271 74 68 3/4 0)
(1087/4 74 68 1/4 0)
(272 79 71 1 0)
(273 78 70 1 0)
(274 76 69 1 0)
(275 74 68 1 0)
(276 71 66 1 0)
(277 76 69 1 0)
(278 74 68 1 0)
(279 72 67 1 0)
(280 69 65 1 0)
(281 67 64 2 0)
(283 71 66 1 0)
(284 67 64 1 0)
(285 71 66 1 0)
(286 74 68 1 0)
(287 79 71 5/2 0)
(579/2 71 66 1/2 0)
(290 71 66 1 0)
(291 69 65 3/2 0)
(585/2 66 63 1/2 0)
(293 69 65 1 0)
(294 67 64 4 0)
(298 71 66 1/2 0)
(597/2 69 65 1/2 0)
(299 67 64 1 0)
(300 71 66 1 0)
(301 74 68 1 0)
(302 79 71 2 0)
(304 74 68 1/2 0)
(609/2 74 68 1/2 0)
(305 74 68 1 0)
(306 72 67 3/2 0)
(615/2 71 66 1/2 0)
(308 74 68 1 0)
(309 69 65 4 0)
(313 74 68 1 0)
(314 76 69 1 0)
(315 76 69 1 0)
(316 74 68 1 0)
(317 76 69 1 0)
(318 76 69 3/2 0)
(639/2 74 68 1/2 0)
(320 76 69 1 0)
(321 78 70 1 0)
(322 81 72 1 0)
(323 79 71 5 0)
(328 83 73 1 0)
(329 79 71 1 0)
(330 78 70 1 0)
(331 76 69 1 0)
(332 74 68 1 0)
(333 71 66 1 0)
(334 76 69 1 0)
(335 74 68 1 0)
(336 72 67 3/2 0)
(675/2 69 65 1/2 0)
(338 71 66 5 0)
(343 79 71 1 0)
(344 79 71 1 0)
(345 78 70 1 0)
(346 76 69 1 0)
(347 74 68 1 0)
(348 71 66 1 0)
(349 76 69 1 0)
(350 74 68 1 0)
(351 72 67 3/2 0)
(705/2 69 65 1/2 0)
(353 67 64 5 0)
(358 71 66 1/2 0)
(717/2 69 65 1/2 0)
(359 67 64 1 0)
(360 71 66 1 0)
(361 74 68 1 0)
(362 79 71 2 0)
(364 74 68 1/2 0)
(729/2 76 69 1/2 0)
(365 74 68 1 0)
(366 72 67 1 0)
(367 71 66 1 0)
(368 74 68 1 0)
(369 69 65 1 0)
(370 71 66 1/2 0)
(741/2 69 65 1/2 0)
(371 67 64 1 0)
(372 71 66 1 0)
(373 74 68 1 0)
(374 79 71 2 0)
(376 74 68 1/2 0)
(753/2 76 69 1/2 0)
(377 74 68 1 0)
(378 72 67 1 0)
(379 71 66 1 0)
(380 74 68 1 0)
(381 69 65 1 0)
(382 74 68 1 0)
(383 76 69 1 0)
(384 76 69 2 0)
(386 74 68 1 0)
(387 76 69 1 0)
(388 76 69 2 0)
(390 79 71 1 0)
(391 78 70 1 0)
(392 79 71 1 0)
(393 81 72 1 0)
(394 79 71 2 0)
(396 74 68 1 0)
(397 79 71 1 0)
(398 78 70 1 0)
(399 76 69 1 0)
(400 74 68 1 0)
(401 71 66 1 0)
(402 76 69 1 0)
(403 74 68 1 0)
(404 69 65 1 0)
(405 71 66 1 0)
(406 67 64 2 0)
(408 74 68 1 0)
(409 76 69 1 0)
(410 76 69 2 0)
(412 74 68 1 0)
(413 76 69 1 0)
(414 76 69 2 0)
(416 79 71 1 0)
(417 78 70 1 0)
(418 79 71 1 0)
(419 81 72 1 0)
(420 79 71 2 0)
(422 74 68 1 0)
(423 79 71 1 0)
(424 78 70 1 0)
(425 76 69 1 0)
(426 74 68 1 0)
(427 71 66 1 0)
(428 76 69 1 0)
(429 74 68 1 0)
(430 69 65 1 0)
(431 71 66 1 0)
(432 67 64 2 0)
(434 66 63 1 0)
(435 62 61 1 0)
(436 66 63 1 0)
(437 69 65 1 0)
(438 74 68 2 0)
(440 69 65 1 0)
(441 69 65 1 0)
(442 67 64 1 0)
(443 66 63 1 0)
(444 66 63 1 0)
(445 64 62 1 0)
(446 66 63 1/2 0)
(893/2 64 62 1/2 0)
(447 62 61 1 0)
(448 66 63 1 0)
(449 69 65 1 0)
(450 74 68 2 0)
(452 69 65 1/2 0)
(905/2 71 66 1/2 0)
(453 69 65 1 0)
(454 67 64 1 0)
(455 66 63 1 0)
(456 69 65 1 0)
(457 64 62 1 0)
(458 69 65 1 0)
(459 71 66 1 0)
(460 71 66 1 0)
(461 69 65 1 0)
(462 71 66 1 0)
(463 71 66 1 0)
(464 69 65 1 0)
(465 71 66 1 0)
(466 73 67 1 0)
(467 76 69 1 0)
(468 74 68 2 0)
(470 69 65 1 0)
(471 74 68 1 0)
(472 73 67 1 0)
(473 71 66 1 0)
(474 69 65 1 0)
(475 66 63 1 0)
(476 66 63 1/2 0)
(953/2 67 64 1/2 0)
(477 69 65 1 0)
(478 67 64 1 0)
(479 64 62 1 0)
(480 66 63 2 0)
(482 69 65 1 0)
(483 74 68 1 0)
(484 73 67 1 0)
(485 71 66 1 0)
(486 69 65 1 0)
(487 66 63 1 0)
(488 71 66 1 0)
(489 69 65 1 0)
(490 67 64 1 0)
(491 64 62 1 0)
(492 62 61 2 0)
(494 67 64 1/2 0)
(989/2 69 65 1/2 0)
(495 71 66 1 0)
(496 69 65 1 0)
(497 71 66 3/4 0)
(1991/4 72 67 1/4 0)
(498 74 68 1 0)
(499 79 71 1 0)
(500 74 68 1/2 0)
(1001/2 76 69 1/2 0)
(501 74 68 1 0)
(502 72 67 1 0)
(503 71 66 1 0)
(504 71 66 1 0)
(505 69 65 1 0)
(506 67 64 1/2 0)
(1013/2 69 65 1/2 0)
(507 71 66 1 0)
(508 69 65 1 0)
(509 71 66 3/4 0)
(2039/4 72 67 1/4 0)
(510 74 68 1 0)
(511 79 71 1 0)
(512 74 68 3/4 0)
(2051/4 76 69 1/4 0)
(513 74 68 1 0)
(514 72 67 1 0)
(515 71 66 1 0)
(516 71 66 1 0)
(517 69 65 1 0)
(518 74 68 1 0)
(519 76 69 1 0)
(520 76 69 2 0)
(522 74 68 1 0)
(523 76 69 1 0)
(524 76 69 2 0)
(526 74 68 1 0)
(527 76 69 1 0)
(528 78 70 1 0)
(529 81 72 1 0)
(530 79 71 2 0)
(532 74 68 1 0)
(533 79 71 1 0)
(534 78 70 1 0)
(535 76 69 1 0)
(536 74 68 1 0)
(537 71 66 1 0)
(538 74 68 3/4 0)
(2155/4 76 69 1/4 0)
(539 74 68 1 0)
(540 72 67 1 0)
(541 69 65 1 0)
(542 67 64 2 0)
(544 64 62 1/4 0)
(2177/4 64 62 1/2 0)
(2179/4 65 63 1/2 0)
(2181/4 66 63 1/2 0)
(2183/4 67 64 1/2 0)
(2185/4 72 67 3/4 0)
(547 67 64 1/4 0)
(2189/4 67 64 1/2 0)
(2191/4 65 63 1/2 0)
(2193/4 62 61 1/2 0)
(2195/4 64 62 1/2 0)
(2197/4 60 60 3/4 0)
(550 64 62 1/4 0)
(2201/4 64 62 1/2 0)
(2203/4 65 63 1/2 0)
(2205/4 66 63 1/2 0)
(2207/4 67 64 1/2 0)
(2209/4 72 67 3/4 0)
(553 67 64 1/4 0)
(2213/4 67 64 1/2 0)
(2215/4 65 63 1/2 0)
(2217/4 64 62 1/2 0)
(2219/4 62 61 1/2 0)
(2221/4 67 64 3/4 0)
(556 67 64 1/4 0)
(2225/4 69 65 1/2 0)
(2227/4 69 65 1/2 0)
(2229/4 67 64 1/2 0)
(2231/4 69 65 1/2 0)
(2233/4 69 65 1/2 0)
(2235/4 67 64 1/2 0)
(2237/4 69 65 1/2 0)
(2239/4 69 65 1/2 0)
(2241/4 71 66 1/2 0)
(2243/4 72 67 1 0)
(2247/4 67 64 1/2 0)
(2249/4 72 67 1/2 0)
(2251/4 71 66 1/2 0)
(2253/4 69 65 1/2 0)
(2255/4 67 64 1/2 0)
(2257/4 64 62 1/2 0)
(2259/4 69 65 1/2 0)
(2261/4 67 64 1/2 0)
(2263/4 62 61 1/2 0)
(2265/4 65 63 1/2 0)
(2267/4 64 62 1 0)
(2271/4 67 64 1/4 0)
(568 69 65 1/2 0)
(1137/2 69 65 1/2 0)
(569 67 64 1/2 0)
(1139/2 69 65 1/2 0)
(570 69 65 1/2 0)
(1141/2 67 64 1/2 0)
(571 69 65 1/2 0)
(1143/2 69 65 1/2 0)
(572 71 66 1/2 0)
(1145/2 72 67 1 0)
(1147/2 67 64 1/2 0)
(574 72 67 1/2 0)
(1149/2 71 66 1/2 0)
(575 69 65 1/2 0)
(1151/2 67 64 1/2 0)
(576 64 62 1/2 0)
(1153/2 69 65 1/2 0)
(577 67 64 1/2 0)
(1155/2 62 61 1/2 0)
(578 65 63 1/2 0)
(1157/2 60 60 1 0)
(1159/2 67 64 1/2 0)
(580 69 65 1/2 0)
(1161/2 71 66 1 0)
(1163/2 69 65 1 0)
(1165/2 71 66 1/2 0)
(583 72 67 1/2 0)
(1167/2 74 68 1 0)
(1169/2 79 71 1 0)
(1171/2 74 68 1/2 0)
(586 76 69 1/2 0)
(1173/2 74 68 1 0)
(1175/2 72 67 1 0)
(1177/2 71 66 1 0)
(1179/2 71 66 3/4 0)
(2361/4 71 66 1/4 0)
(1181/2 69 65 1 0)
(1183/2 67 64 1/2 0)
(592 69 65 1/2 0)
(1185/2 71 66 1 0)
(1187/2 69 65 1 0)
(1189/2 71 66 1/2 0)
(595 72 67 1/2 0)
(1191/2 74 68 1 0)
(1193/2 79 71 1 0)
(1195/2 74 68 1/2 0)
(598 76 69 1/2 0)
(1197/2 74 68 1 0)
(1199/2 72 67 1 0)
(1201/2 71 66 1 0)
(1203/2 71 66 3/4 0)
(2409/4 71 66 1/4 0)
(1205/2 69 65 1 0)
(1207/2 74 68 1 0)
(1209/2 76 69 1 0)
(1211/2 76 69 2 0)
(1215/2 74 68 1 0)
(1217/2 76 69 1 0)
(1219/2 76 69 2 0)
(1223/2 74 68 1 0)
(1225/2 76 69 1 0)
(1227/2 78 70 1 0)
(1229/2 81 72 1 0)
(1231/2 79 71 2 0)
(1235/2 74 68 1 0)
(1237/2 79 71 1 0)
(1239/2 78 70 1 0)
(1241/2 76 69 1 0)
(1243/2 74 68 1 0)
(1245/2 71 66 1 0)
(1247/2 74 68 1/2 0)
(624 76 69 1/2 0)
(1249/2 74 68 1 0)
(1251/2 72 67 1 0)
(1253/2 69 65 1 0)
(1255/2 71 66 2 0)
(1259/2 74 68 1 0)
(1261/2 79 71 1 0)
(1263/2 78 70 1 0)
(1265/2 76 69 1 0)
(1267/2 74 68 1 0)
(1269/2 71 66 1 0)
(1271/2 74 68 1/2 0)
(636 76 69 1/2 0)
(1273/2 74 68 1 0)
(1275/2 72 67 1 0)
(1277/2 69 65 1 0)
(1279/2 67 64 2 0)
