(0 67 64 1 0)
(1 69 65 1/2 0)
(3/2 76 69 1/2 0)
(2 74 68 1/2 0)
(5/2 72 67 1/4 0)
(11/4 71 66 1/4 0)
(3 69 65 1/2 0)
(7/2 66 63 1/2 0)
(4 62 61 1 0)
(5 67 64 1 0)
(6 69 65 1/2 0)
(13/2 76 69 1/2 0)
(7 74 68 1/2 0)
(15/2 72 67 1/4 0)
(31/4 71 66 1/4 0)
(8 69 65 3/2 0)
(19/2 71 66 1/4 0)
(39/4 71 66 1/4 0)
(10 72 67 1/2 0)
(21/2 74 68 1/2 0)
(11 76 69 1/2 0)
(23/2 76 69 1/2 0)
(12 74 68 1/2 0)
(25/2 71 66 1/2 0)
(13 67 64 1/2 0)
(27/2 74 68 1/2 0)
(14 74 68 1/2 0)
(29/2 71 66 1/2 0)
(15 74 68 1 0)
(16 69 65 1 0)
(17 71 66 3/2 0)
(37/2 72 67 1/4 0)
(75/4 72 67 1/4 0)
(19 72 67 1/2 0)
(39/2 74 68 1/2 0)
(20 76 69 1/2 0)
(41/2 76 69 1/2 0)
(21 74 68 1/2 0)
(43/2 71 66 1/2 0)
(22 67 64 1/2 0)
(45/2 74 68 1/2 0)
(23 74 68 1/2 0)
(47/2 72 67 1/2 0)
(24 71 66 1 0)
(25 69 65 1 0)
(26 67 64 3 0)
(29 67 64 2 0)
(31 69 65 1 0)
(32 76 69 1 0)
(33 74 68 1 0)
(34 72 67 1/2 0)
(69/2 71 66 1/2 0)
(35 69 65 1 0)
(36 66 63 1 0)
(37 62 61 2 0)
(39 67 64 2 0)
(41 69 65 1 0)
(42 76 69 1 0)
(43 74 68 1 0)
(44 72 67 1/2 0)
(89/2 71 66 1/2 0)
(45 69 65 2 0)
(47 69 65 1/2 0)
(95/2 69 65 1/2 0)
(48 71 66 1/2 0)
(97/2 72 67 1 0)
(99/2 74 68 1 0)
(101/2 76 69 1 0)
(103/2 76 69 1 0)
(105/2 74 68 1 0)
(107/2 71 66 1 0)
(109/2 67 64 1 0)
(111/2 69 65 1 0)
(113/2 71 66 1 0)
(115/2 74 68 1/2 0)
(58 71 66 1/2 0)
(117/2 69 65 1 0)
(119/2 67 64 1 0)
(121/2 67 64 2 0)
(125/2 67 64 3/2 0)
(64 69 65 1/2 0)
(129/2 71 66 1 0)
(131/2 76 69 1 0)
(133/2 74 68 1 0)
(135/2 71 66 1 0)
(137/2 69 65 2 0)
(141/2 62 61 1 0)
(143/2 67 64 3/2 0)
(73 69 65 1/2 0)
(147/2 71 66 1 0)
(149/2 76 69 1 0)
(151/2 74 68 1 0)
(153/2 71 66 1 0)
(155/2 69 65 1 0)
(157/2 69 65 1/2 0)
(79 71 66 1/2 0)
(159/2 72 67 1 0)
(161/2 74 68 1 0)
(163/2 76 69 1 0)
(165/2 74 68 1 0)
(167/2 71 66 1 0)
(169/2 69 65 1 0)
(171/2 67 64 1 0)
(173/2 67 64 1/2 0)
(87 71 66 1/2 0)
(175/2 76 69 1 0)
(177/2 74 68 1 0)
(179/2 72 67 2 0)
(183/2 69 65 1 0)
(185/2 71 66 1 0)
(187/2 67 64 2 0)
(191/2 67 64 1 0)
(193/2 67 64 1 0)
(195/2 71 66 1 0)
(197/2 74 68 1 0)
(199/2 71 66 1 0)
(201/2 69 65 1 0)
(203/2 66 63 1/2 0)
(102 64 62 1/2 0)
(205/2 62 61 2 0)
(209/2 67 64 3/2 0)
(106 69 65 1/2 0)
(213/2 71 66 1 0)
(215/2 74 68 1 0)
(217/2 74 68 1 0)
(219/2 72 67 1/2 0)
(110 71 66 1/2 0)
(221/2 69 65 2 0)
(225/2 67 64 1/2 0)
(113 69 65 1/2 0)
(227/2 71 66 1/2 0)
(114 72 67 1 0)
(115 74 68 1 0)
(116 76 69 1 0)
(117 76 69 1 0)
(118 74 68 3/4 0)
(475/4 74 68 1/4 0)
(119 74 68 1/2 0)
(239/2 74 68 1/2 0)
(120 67 64 1 0)
(121 69 65 1/2 0)
(243/2 71 66 1/2 0)
(122 72 67 1 0)
(123 74 68 1/2 0)
(247/2 72 67 1/2 0)
(124 71 66 2 0)
(126 69 65 2 0)
(128 67 64 2 0)
(130 67 64 1/2 0)
(261/2 69 65 1/2 0)
(131 71 66 1/2 0)
(263/2 72 67 1 0)
(265/2 74 68 1 0)
(267/2 76 69 1 0)
(269/2 76 69 1 0)
(271/2 74 68 3/4 0)
(545/4 74 68 1/4 0)
(273/2 74 68 1/2 0)
(137 74 68 1/2 0)
(275/2 67 64 1 0)
(277/2 69 65 1/2 0)
(139 71 66 1/2 0)
(279/2 72 67 1 0)
(281/2 74 68 1/2 0)
(141 72 67 1/2 0)
(283/2 71 66 2 0)
(287/2 69 65 2 0)
(291/2 67 64 3 0)
(297/2 67 64 2 0)
(301/2 69 65 1 0)
(303/2 71 66 1 0)
(305/2 74 68 1 0)
(307/2 72 67 1/2 0)
(154 71 66 1/2 0)
(309/2 69 65 1 0)
(311/2 66 63 1 0)
(313/2 62 61 1 0)
(315/2 64 62 1/2 0)
(158 66 63 1/2 0)
(317/2 67 64 1 0)
(319/2 74 68 1 0)
(321/2 74 68 1 0)
(323/2 72 67 1/2 0)
(162 71 66 1/2 0)
(325/2 69 65 5/2 0)
(165 69 65 1/2 0)
(331/2 69 65 1/2 0)
(166 71 66 1/2 0)
(333/2 72 67 1 0)
(335/2 74 68 1 0)
(337/2 76 69 1 0)
(339/2 76 69 1 0)
(341/2 74 68 1 0)
(343/2 71 66 1 0)
(345/2 67 64 1 0)
(347/2 74 68 1/2 0)
(174 74 68 1/2 0)
(349/2 76 69 1 0)
(351/2 76 69 1 0)
(353/2 74 68 2 0)
(357/2 69 65 2 0)
(361/2 67 64 4 0)
(369/2 67 64 2 0)
(373/2 69 65 1 0)
(375/2 76 69 1 0)
(377/2 74 68 1 0)
(379/2 72 67 1/2 0)
(190 71 66 1/2 0)
(381/2 69 65 1 0)
(383/2 66 63 1 0)
(385/2 62 61 2 0)
(389/2 67 64 2 0)
(393/2 69 65 1 0)
(395/2 76 69 1 0)
(397/2 74 68 1 0)
(399/2 72 67 1/2 0)
(200 71 66 1/2 0)
(401/2 69 65 2 0)
(405/2 69 65 1/2 0)
(203 69 65 1/2 0)
(407/2 71 66 1/2 0)
(204 72 67 1 0)
(205 74 68 1 0)
(206 76 69 1 0)
(207 76 69 1 0)
(208 74 68 1 0)
(209 71 66 1 0)
(210 67 64 1 0)
(211 69 65 1/2 0)
(423/2 71 66 1/2 0)
(212 72 67 1 0)
(213 74 68 1/2 0)
(427/2 72 67 1/2 0)
(214 71 66 1 0)
(215 69 65 1 0)
(216 67 64 2 0)
(218 67 64 2 0)
(220 71 66 1 0)
(221 76 69 1 0)
(222 74 68 1 0)
(223 71 66 1 0)
(224 69 65 1 0)
(225 66 63 1 0)
(226 62 61 2 0)
(228 67 64 1 0)
(229 69 65 1 0)
(230 71 66 1 0)
(231 76 69 1 0)
(232 74 68 1 0)
(233 72 67 1/2 0)
(467/2 71 66 1/2 0)
(234 69 65 5/2 0)
(473/2 69 65 1/2 0)
(237 69 65 1/2 0)
(475/2 71 66 1/2 0)
(238 72 67 1 0)
(239 74 68 1 0)
(240 76 69 1 0)
(241 74 68 1 0)
(242 71 66 1 0)
(243 74 68 1/2 0)
(487/2 74 68 1/2 0)
(244 67 64 1 0)
(245 69 65 1/2 0)
(491/2 71 66 1/2 0)
(246 72 67 1 0)
(247 71 66 1/2 0)
(495/2 67 64 1/2 0)
(248 71 66 2 0)
(250 69 65 2 0)
(252 67 64 4 0)
(256 62 61 1 0)
(257 67 64 1 0)
(258 74 68 1 0)
(259 74 68 1 0)
(260 71 66 1 0)
(261 69 65 1 0)
(262 66 63 1 0)
(263 62 61 2 0)
(265 67 64 2 0)
(267 69 65 1 0)
(268 76 69 1 0)
(269 74 68 1 0)
(270 72 67 1/2 0)
(541/2 71 66 1/2 0)
(271 69 65 5/2 0)
(547/2 69 65 1/2 0)
(274 69 65 1/2 0)
(549/2 71 66 1/2 0)
(275 72 67 1 0)
(276 74 68 1 0)
(277 76 69 1 0)
(278 76 69 1 0)
(279 74 68 1 0)
(280 71 66 1 0)
(281 67 64 1 0)
(282 69 65 1/2 0)
(565/2 71 66 1/2 0)
(283 72 67 1 0)
(284 74 68 1 0)
(285 71 66 1 0)
(286 74 68 1 0)
(287 69 65 2 0)
(289 67 64 3 0)
(292 62 61 1/2 0)
(585/2 66 63 1/2 0)
(293 67 64 1 0)
(294 76 69 1 0)
(295 74 68 1 0)
(296 72 67 1/2 0)
(593/2 71 66 1/2 0)
(297 69 65 1 0)
(298 66 63 1/2 0)
(597/2 64 62 1/2 0)
(299 62 61 1 0)
(300 64 62 1/2 0)
(601/2 66 63 1/2 0)
(301 67 64 1 0)
(302 76 69 1/2 0)
(605/2 76 69 1/2 0)
(303 74 68 1 0)
(304 72 67 1/2 0)
(609/2 71 66 1/2 0)
(305 69 65 2 0)
(307 69 65 1/2 0)
(615/2 71 66 1/2 0)
(308 72 67 1 0)
(309 72 67 1 0)
(310 76 69 1 0)
(311 76 69 1 0)
(312 74 68 1 0)
(313 71 66 1/2 0)
(627/2 74 68 1/2 0)
(314 74 68 1 0)
(315 76 69 1/2 0)
(631/2 74 68 1/2 0)
(316 72 67 1 0)
(317 72 67 1 0)
(318 71 66 1 0)
(319 74 68 1/2 0)
(639/2 71 66 1/2 0)
(320 69 65 3/2 0)
(643/2 66 63 1/2 0)
(322 67 64 1 0)
(323 67 64 1 0)
(324 69 65 1 0)
(325 71 66 1 0)
(326 76 69 1 0)
(327 74 68 1 0)
(328 72 67 1/2 0)
(657/2 71 66 1/2 0)
(329 69 65 1 0)
(330 66 63 1 0)
(331 62 61 1 0)
(332 67 64 1 0)
(333 69 65 1 0)
(334 71 66 1 0)
(335 76 69 1 0)
(336 74 68 1 0)
(337 72 67 1/2 0)
(675/2 71 66 1/2 0)
(338 69 65 2 0)
(340 69 65 1/2 0)
(681/2 71 66 1/2 0)
(341 72 67 1 0)
(342 74 68 1 0)
(343 76 69 1 0)
(344 76 69 1 0)
(345 74 68 1 0)
(346 71 66 1 0)
(347 67 64 1 0)
(348 71 66 1/2 0)
(697/2 69 65 1/2 0)
(349 72 67 1 0)
(350 72 67 1 0)
(351 74 68 2 0)
(353 69 65 2 0)
(355 67 64 2 0)
(357 69 65 1/2 0)
(715/2 71 66 1/2 0)
(358 72 67 1 0)
(359 74 68 1 0)
(360 76 69 1 0)
(361 76 69 1 0)
(362 74 68 1 0)
(363 71 66 1 0)
(364 67 64 1 0)
(365 71 66 1/2 0)
(731/2 69 65 1/2 0)
(366 72 67 1 0)
(367 72 67 1 0)
(368 74 68 2 0)
(370 69 65 2 0)
(372 67 64 2 0)
(374 67 64 2 0)
(376 69 65 1 0)
(377 76 69 1 0)
(378 74 68 1 0)
(379 72 67 1/2 0)
(759/2 71 66 1/2 0)
(380 69 65 2 0)
(382 62 61 2 0)
(384 67 64 2 0)
(386 69 65 1 0)
(387 76 69 1 0)
(388 74 68 1 0)
(389 72 67 1/2 0)
(779/2 71 66 1/2 0)
(390 69 65 3 0)
(393 69 65 3/4 0)
(1575/4 71 66 1/4 0)
(394 72 67 1 0)
(395 74 68 1 0)
(396 76 69 1 0)
(397 76 69 1 0)
(398 74 68 1 0)
(399 71 66 1 0)
(400 67 64 1 0)
(401 69 65 1/2 0)
(803/2 71 66 1/2 0)
(402 72 67 1 0)
(403 74 68 1/2 0)
(807/2 72 67 1/2 0)
(404 71 66 2 0)
(406 69 65 2 0)
(408 67 64 3 0)
(411 69 65 3/4 0)
(1647/4 71 66 1/4 0)
(412 72 67 1 0)
(413 74 68 1 0)
(414 76 69 1 0)
(415 76 69 1 0)
(416 74 68 1 0)
(417 71 66 1 0)
(418 67 64 1 0)
(419 69 65 1/2 0)
(839/2 71 66 1/2 0)
(420 72 67 1 0)
(421 74 68 1/2 0)
(843/2 72 67 1/2 0)
(422 71 66 2 0)
(424 69 65 2 0)
(426 67 64 3 0)
(429 62 61 1/2 0)
(859/2 62 61 1/2 0)
(430 67 64 1 0)
(431 71 66 1/2 0)
(863/2 74 68 1/2 0)
(432 74 68 1 0)
(433 72 67 1/2 0)
(867/2 71 66 1/2 0)
(434 69 65 1 0)
(435 66 63 1 0)
(436 62 61 1 0)
(437 64 62 1/2 0)
(875/2 66 63 1/2 0)
(438 67 64 1 0)
(439 71 66 1/2 0)
(879/2 74 68 1/2 0)
(440 74 68 1 0)
(441 71 66 1/2 0)
(883/2 69 65 1/2 0)
(442 69 65 3 0)
(445 69 65 1/2 0)
(891/2 71 66 1/2 0)
(446 72 67 1 0)
(447 74 68 1 0)
(448 76 69 3/4 0)
(1795/4 76 69 1/4 0)
(449 76 69 1/2 0)
(899/2 76 69 1/2 0)
(450 74 68 1 0)
(451 72 67 1 0)
(452 67 64 1 0)
(453 74 68 1 0)
(454 72 67 1 0)
(455 69 65 1 0)
(456 71 66 1 0)
(457 74 68 1 0)
(458 69 65 1 0)
(459 69 65 1 0)
(460 67 64 3 0)
(463 69 65 1/2 0)
(927/2 71 66 1/2 0)
(464 72 67 1 0)
(465 74 68 1 0)
(466 74 68 3/4 0)
(1867/4 74 68 1/4 0)
(467 74 68 1/2 0)
(935/2 74 68 1/2 0)
(468 74 68 3/2 0)
(939/2 79 71 1/2 0)
(470 79 71 1 0)
(471 78 70 1 0)
(472 76 69 1 0)
(473 76 69 1 0)
(474 74 68 2 0)
(476 69 65 1 0)
(477 69 65 1 0)
(478 67 64 3 0)
(481 67 64 2 0)
(483 69 65 1 0)
(484 76 69 1 0)
(485 74 68 1 0)
(486 72 67 1/2 0)
(973/2 71 66 1/2 0)
(487 69 65 1 0)
(488 66 63 1 0)
(489 62 61 2 0)
(491 67 64 2 0)
(493 69 65 1 0)
(494 76 69 1 0)
(495 74 68 1 0)
(496 72 67 1/2 0)
(993/2 71 66 1/2 0)
(497 69 65 2 0)
(499 69 65 1/2 0)
(999/2 69 65 1/2 0)
(500 71 66 1/2 0)
(1001/2 72 67 1 0)
(1003/2 74 68 1 0)
(1005/2 76 69 1 0)
(1007/2 76 69 1 0)
(1009/2 74 68 1 0)
(1011/2 71 66 1 0)
(1013/2 67 64 1 0)
(1015/2 69 65 1/2 0)
(508 71 66 1/2 0)
(1017/2 72 67 1 0)
(1019/2 74 68 1/2 0)
(510 72 67 1/2 0)
(1021/2 71 66 1 0)
(1023/2 74 68 1 0)
(1025/2 69 65 2 0)
(1029/2 67 64 2 0)
(1033/2 64 62 1/2 0)
(517 66 63 1/2 0)
(1035/2 67 64 1 0)
(1037/2 76 69 1 0)
(1039/2 74 68 1 0)
(1041/2 72 67 1/2 0)
(521 71 66 1/2 0)
(1043/2 69 65 1 0)
(1045/2 66 63 1 0)
(1047/2 62 61 1 0)
(1049/2 64 62 1/2 0)
(525 66 63 1/2 0)
(1051/2 67 64 1 0)
(1053/2 76 69 1 0)
(1055/2 74 68 1 0)
(1057/2 72 67 1/2 0)
(529 71 66 1/2 0)
(1059/2 69 65 3 0)
(1065/2 69 65 1/2 0)
(533 71 66 1/2 0)
(1067/2 72 67 1 0)
(1069/2 76 69 1 0)
(1071/2 76 69 1 0)
(1073/2 76 69 1 0)
(1075/2 74 68 1 0)
(1077/2 71 66 1 0)
(1079/2 67 64 1 0)
(1081/2 66 63 1/2 0)
(541 67 64 1/2 0)
(1083/2 72 67 1/2 0)
(542 71 66 1/2 0)
(1085/2 69 65 1 0)
(1087/2 74 68 2 0)
(1091/2 69 65 2 0)
(1095/2 67 64 3 0)
(1101/2 67 64 1/2 0)
(551 67 64 1 0)
(552 71 66 1/2 0)
(1105/2 74 68 3/2 0)
(554 71 66 1/2 0)
(1109/2 69 65 1/2 0)
(555 66 63 1/2 0)
(1111/2 62 61 3/2 0)
(557 67 64 3/2 0)
(1117/2 69 65 1 0)
(1119/2 69 65 1/2 0)
(560 74 68 1 0)
(561 71 66 1/2 0)
(1123/2 69 65 3/2 0)
(563 67 64 1/4 0)
(2253/4 67 64 1/4 0)
(1127/2 67 64 1/2 0)
(564 72 67 1 0)
(565 74 68 1/2 0)
(1131/2 76 69 1 0)
(1133/2 72 67 1/2 0)
(567 74 68 1 0)
(568 71 66 1/2 0)
(1137/2 67 64 3/2 0)
(570 74 68 3/2 0)
(1143/2 76 69 3/4 0)
(2289/4 74 68 1/4 0)
(1145/2 72 67 1/2 0)
(573 74 68 3/2 0)
(1149/2 72 67 3/2 0)
(576 71 66 3/2 0)
(1155/2 67 64 1/4 0)
(2311/4 67 64 1/4 0)
(578 67 64 1/2 0)
(1157/2 72 67 1 0)
(1159/2 74 68 1/2 0)
(580 76 69 1 0)
(581 72 67 1/2 0)
(1163/2 74 68 1 0)
(1165/2 71 66 1/2 0)
(583 67 64 3/2 0)
(1169/2 74 68 3/2 0)
(586 69 65 1/2 0)
(1173/2 74 68 1/2 0)
(587 71 66 1/2 0)
(1175/2 71 66 3/2 0)
(589 69 65 3/2 0)
(1181/2 67 64 5/2 0)
