(0 74 68 1 0)
(1 67 64 1 0)
(2 71 66 1 0)
(3 74 68 1 0)
(4 79 71 2 0)
(6 79 71 1 0)
(7 78 70 1 0)
(8 76 69 4 0)
(12 69 65 1 0)
(13 71 66 2 0)
(15 79 71 1 0)
(16 78 70 2 0)
(18 76 69 1 0)
(19 74 68 5 0)
(24 74 68 1 0)
(25 67 64 1 0)
(26 71 66 1 0)
(27 74 68 1 0)
(28 79 71 1 0)
(29 81 72 1 0)
(30 83 73 1 0)
(31 81 72 2 0)
(33 79 71 1 0)
(34 76 69 1 0)
(35 78 70 1 0)
(36 79 71 1 0)
(37 78 70 2 0)
(39 76 69 1 0)
(40 74 68 1 0)
(41 76 69 1 0)
(42 78 70 1 0)
(43 79 71 5 0)
(48 62 61 1/2 0)
(97/2 55 57 1/2 0)
(49 59 59 1/2 0)
(99/2 62 61 1/2 0)
(50 67 64 1 0)
(51 67 64 1/2 0)
(103/2 66 63 1/2 0)
(52 64 62 3/2 0)
(107/2 57 58 1/2 0)
(54 60 60 1 0)
(55 62 61 1/2 0)
(111/2 66 63 1 0)
(113/2 64 62 1/2 0)
(57 62 61 2 0)
(59 62 61 1/2 0)
(119/2 55 57 1/2 0)
(60 59 59 1/2 0)
(121/2 62 61 1/2 0)
(61 67 64 1/2 0)
(123/2 69 65 1/2 0)
(62 71 66 1/2 0)
(125/2 69 65 1 0)
(127/2 66 63 1/2 0)
(64 64 62 1/2 0)
(129/2 66 63 1/2 0)
(65 67 64 1/2 0)
(131/2 66 63 1 0)
(133/2 64 62 1/2 0)
(67 62 61 1/2 0)
(135/2 64 62 1/2 0)
(68 66 63 1/2 0)
(137/2 67 64 2 0)
(141/2 62 61 1/2 0)
(71 55 57 1/2 0)
(143/2 59 59 1/2 0)
(72 62 61 1/2 0)
(145/2 67 64 1/2 0)
(73 69 65 1/2 0)
(147/2 71 66 1/2 0)
(74 69 65 1 0)
(75 66 63 1/2 0)
(151/2 64 62 1/2 0)
(76 66 63 1/2 0)
(153/2 67 64 1/2 0)
(77 66 63 1 0)
(78 64 62 1/2 0)
(157/2 62 61 1/2 0)
(79 64 62 1/2 0)
(159/2 66 63 1/2 0)
(80 67 64 2 0)
(82 74 68 1 0)
(83 67 64 1 0)
(84 71 66 1 0)
(85 74 68 1 0)
(86 79 71 2 0)
(88 79 71 1 0)
(89 78 70 1 0)
(90 76 69 4 0)
(94 69 65 1 0)
(95 71 66 2 0)
(97 79 71 1 0)
(98 78 70 2 0)
(100 76 69 1 0)
(101 74 68 5 0)
(106 74 68 1 0)
(107 67 64 1 0)
(108 71 66 1 0)
(109 74 68 1 0)
(110 79 71 2 0)
(112 79 71 1 0)
(113 81 72 2 0)
(115 79 71 1 0)
(116 76 69 2 0)
(118 79 71 1 0)
(119 78 70 2 0)
(121 76 69 1 0)
(122 74 68 1 0)
(123 76 69 1 0)
(124 78 70 1 0)
(125 79 71 5 0)
(130 62 61 1/2 0)
(261/2 59 59 1 0)
(263/2 62 61 1/2 0)
(132 67 64 1 0)
(133 67 64 1/2 0)
(267/2 66 63 1/2 0)
(134 64 62 2 0)
(136 60 60 1/4 0)
(545/4 60 60 1/4 0)
(273/2 60 60 1 0)
(275/2 62 61 1/2 0)
(138 66 63 1 0)
(139 64 62 1/2 0)
(279/2 62 61 5/2 0)
(142 62 61 1/2 0)
(285/2 59 59 1 0)
(287/2 62 61 1/2 0)
(144 67 64 1/2 0)
(289/2 69 65 1/2 0)
(145 71 66 1/2 0)
(291/2 69 65 1 0)
(293/2 66 63 1/2 0)
(147 64 62 1/2 0)
(295/2 69 65 1/2 0)
(148 67 64 1/2 0)
(297/2 66 63 1 0)
(299/2 64 62 1/2 0)
(150 62 61 1/2 0)
(301/2 64 62 1/2 0)
(151 66 63 1/2 0)
(303/2 67 64 5/2 0)
(154 62 61 1/2 0)
(309/2 59 59 1 0)
(311/2 62 61 1/2 0)
(156 67 64 1/2 0)
(313/2 69 65 1/2 0)
(157 71 66 1/2 0)
(315/2 69 65 1 0)
(317/2 66 63 1/2 0)
(159 64 62 1/2 0)
(319/2 69 65 1/2 0)
(160 67 64 1/2 0)
(321/2 66 63 1 0)
(323/2 64 62 1/2 0)
(162 62 61 1/2 0)
(325/2 64 62 1/2 0)
(163 66 63 1/2 0)
(327/2 67 64 5/2 0)
(166 74 68 1/2 0)
(333/2 67 64 1/2 0)
(167 71 66 1/2 0)
(335/2 74 68 1/2 0)
(168 79 71 1 0)
(169 79 71 1/2 0)
(339/2 78 70 1/2 0)
(170 76 69 2 0)
(172 69 65 1/4 0)
(689/4 69 65 1/4 0)
(345/2 78 70 1 0)
(347/2 76 69 1/2 0)
(174 74 68 1 0)
(175 72 67 1/2 0)
(351/2 71 66 5/2 0)
(178 74 68 1/2 0)
(357/2 67 64 1/2 0)
(179 71 66 1/2 0)
(359/2 74 68 1/2 0)
(180 79 71 1 0)
(181 79 71 1/2 0)
(363/2 81 72 1 0)
(365/2 79 71 1/2 0)
(183 76 69 1 0)
(184 79 71 1/2 0)
(369/2 78 70 1 0)
(371/2 76 69 1/2 0)
(186 74 68 1/2 0)
(373/2 76 69 1/2 0)
(187 78 70 1/2 0)
(375/2 79 71 5/2 0)
(190 67 64 1/2 0)
(381/2 67 64 1 0)
(383/2 76 69 1/2 0)
(192 74 68 1 0)
(193 71 66 1/2 0)
(387/2 69 65 1/2 0)
(194 67 64 1 0)
(195 69 65 1/4 0)
(781/4 69 65 1/4 0)
(391/2 71 66 1/2 0)
(196 72 67 1/2 0)
(393/2 74 68 1/2 0)
(197 76 69 1 0)
(198 74 68 1/2 0)
(397/2 69 65 1 0)
(399/2 74 68 1/2 0)
(200 74 68 1 0)
(201 74 68 1/2 0)
(403/2 79 71 1 0)
(405/2 78 70 1/2 0)
(203 78 70 1/2 0)
(407/2 76 69 1 0)
(409/2 76 69 1/2 0)
(205 74 68 1 0)
(206 74 68 1/2 0)
(413/2 72 67 1/2 0)
(207 71 66 1/2 0)
(415/2 69 65 1/2 0)
(208 71 66 1 0)
(209 74 68 1/2 0)
(419/2 74 68 1 0)
(421/2 74 68 1/2 0)
(211 79 71 1 0)
(212 78 70 1/2 0)
(425/2 78 70 1/2 0)
(213 76 69 1 0)
(214 76 69 1/2 0)
(429/2 74 68 1 0)
(431/2 74 68 1/2 0)
(216 72 67 1/2 0)
(433/2 71 66 1/2 0)
(217 69 65 1/2 0)
(435/2 67 64 1 0)
(437/2 67 64 1/2 0)
(219 64 62 1 0)
(220 67 64 1/2 0)
(441/2 72 67 1 0)
(443/2 71 66 1/2 0)
(222 71 66 1/2 0)
(445/2 69 65 1/2 0)
(223 72 67 1/4 0)
(893/4 72 67 1/4 0)
(447/2 71 66 1 0)
(449/2 69 65 1/2 0)
(225 67 64 1 0)
(226 65 63 1/2 0)
(453/2 64 62 3/2 0)
(228 67 64 1/2 0)
(457/2 64 62 1 0)
(459/2 67 64 1/2 0)
(230 72 67 1 0)
(231 67 64 1/2 0)
(463/2 71 66 1/2 0)
(232 69 65 1/2 0)
(465/2 72 67 1/2 0)
(233 71 66 1 0)
(234 69 65 1/2 0)
(469/2 62 61 1/2 0)
(235 69 65 1/2 0)
(471/2 67 64 1/2 0)
(236 64 62 3/2 0)
(475/2 67 64 1/2 0)
(238 64 62 1 0)
(239 67 64 1/2 0)
(479/2 72 67 1 0)
(481/2 76 69 1/2 0)
(241 74 68 1 0)
(242 72 67 1/2 0)
(485/2 69 65 1 0)
(487/2 72 67 1/2 0)
(244 71 66 1 0)
(245 69 65 1/2 0)
(491/2 67 64 1/2 0)
(246 69 65 1/2 0)
(493/2 71 66 1/2 0)
(247 72 67 3/2 0)
(497/2 74 68 1/2 0)
(249 71 66 1 0)
(250 74 68 1/2 0)
(501/2 79 71 1 0)
(503/2 78 70 1/2 0)
(252 78 70 1/2 0)
(505/2 76 69 2 0)
(509/2 76 69 1/4 0)
(1019/4 79 71 1/4 0)
(255 78 70 1 0)
(256 76 69 1/2 0)
(513/2 74 68 1 0)
(515/2 72 67 1/2 0)
(258 71 66 5/2 0)
(521/2 74 68 1/2 0)
(261 74 68 1 0)
(262 74 68 1/2 0)
(525/2 79 71 1 0)
(527/2 83 73 1/2 0)
(264 81 72 1 0)
(265 79 71 1/2 0)
(531/2 76 69 1 0)
(533/2 79 71 1/2 0)
(267 78 70 1 0)
(268 76 69 1/2 0)
(537/2 74 68 1/2 0)
(269 76 69 1/2 0)
(539/2 78 70 1/2 0)
(270 79 71 5/2 0)
(545/2 67 64 1/2 0)
(273 64 62 1 0)
(274 67 64 1/2 0)
(549/2 72 67 1 0)
(551/2 71 66 1/2 0)
(276 71 66 1/2 0)
(553/2 69 65 1/2 0)
(277 72 67 1/2 0)
(555/2 72 67 1/2 0)
(278 71 66 1 0)
(279 69 65 1/2 0)
(559/2 67 64 1 0)
(561/2 65 63 1/2 0)
(281 64 62 3/2 0)
(565/2 67 64 1/2 0)
(283 64 62 1 0)
(284 67 64 1/2 0)
(569/2 72 67 1 0)
(571/2 67 64 1/2 0)
(286 71 66 1/2 0)
(573/2 69 65 1/2 0)
(287 72 67 1/2 0)
(575/2 71 66 1 0)
(577/2 69 65 1/2 0)
(289 62 61 1/2 0)
(579/2 69 65 1/2 0)
(290 67 64 1/2 0)
(581/2 64 62 3/2 0)
(292 67 64 1/2 0)
(585/2 64 62 1 0)
(587/2 67 64 1/2 0)
(294 72 67 1 0)
(295 76 69 1/2 0)
(591/2 74 68 1 0)
(593/2 72 67 1/2 0)
(297 69 65 1 0)
(298 72 67 1/2 0)
(597/2 71 66 1 0)
(599/2 69 65 1/2 0)
(300 67 64 1/2 0)
(601/2 69 65 1/2 0)
(301 71 66 1/2 0)
(603/2 72 67 3/2 0)
(303 62 61 1/2 0)
(607/2 59 59 1 0)
(609/2 62 61 1/2 0)
(305 67 64 1 0)
(306 62 61 1/2 0)
(613/2 66 63 1/2 0)
(307 64 62 2 0)
(309 66 63 1/4 0)
(1237/4 67 64 1/4 0)
(619/2 66 63 1 0)
(621/2 67 64 1/2 0)
(311 66 63 1 0)
(312 64 62 1/2 0)
(625/2 62 61 5/2 0)
(315 62 61 1/2 0)
(631/2 59 59 1 0)
(633/2 62 61 1/2 0)
(317 67 64 1 0)
(318 71 66 1/2 0)
(637/2 69 65 1 0)
(639/2 67 64 1/2 0)
(320 64 62 1 0)
(321 67 64 1/2 0)
(643/2 66 63 1 0)
(645/2 64 62 1/2 0)
(323 62 61 1/2 0)
(647/2 64 62 1/2 0)
(324 66 63 1/2 0)
(649/2 67 64 5/2 0)
(327 62 61 1/2 0)
(655/2 59 59 1 0)
(657/2 62 61 1/2 0)
(329 67 64 1 0)
(330 71 66 1/2 0)
(661/2 69 65 1 0)
(663/2 67 64 1/2 0)
(332 64 62 1 0)
(333 67 64 1/2 0)
(667/2 66 63 1 0)
(669/2 64 62 1/2 0)
(335 62 61 1/2 0)
(671/2 64 62 1/2 0)
(336 66 63 1/2 0)
(673/2 67 64 5/2 0)
(339 64 62 1/2 0)
(679/2 69 65 1 0)
(681/2 69 65 1/2 0)
(341 71 66 1 0)
(342 69 65 1/2 0)
(685/2 68 64 1/2 0)
(343 66 63 2 0)
(345 62 61 1/4 0)
(1381/4 62 61 1/4 0)
(691/2 59 59 3/4 0)
(1385/4 62 61 1/4 0)
(693/2 62 61 1/2 0)
(347 68 64 1 0)
(348 66 63 1/2 0)
(697/2 64 62 5/2 0)
(351 64 62 1/2 0)
(703/2 61 60 1 0)
(705/2 64 62 1/2 0)
(353 69 65 1 0)
(354 73 67 1/2 0)
(709/2 71 66 1 0)
(711/2 69 65 1/2 0)
(356 66 63 1 0)
(357 69 65 1/2 0)
(715/2 68 64 1 0)
(717/2 66 63 1/2 0)
(359 64 62 1/2 0)
(719/2 66 63 1/2 0)
(360 68 64 1/2 0)
(721/2 69 65 5/2 0)
(363 64 62 1/2 0)
(727/2 73 67 1/2 0)
(364 73 67 1/2 0)
(729/2 73 67 1/2 0)
(365 71 66 1 0)
(366 73 67 1/2 0)
(733/2 71 66 1 0)
(735/2 69 65 1/2 0)
(368 66 63 1 0)
(369 69 65 1/2 0)
(739/2 68 64 1 0)
(741/2 66 63 1/2 0)
(371 64 62 1/2 0)
(743/2 66 63 1/2 0)
(372 68 64 1/2 0)
(745/2 69 65 5/2 0)
(375 74 68 1/2 0)
(751/2 71 66 1 0)
(753/2 74 68 1/2 0)
(377 79 71 1 0)
(378 74 68 1/2 0)
(757/2 78 70 1/2 0)
(379 76 69 2 0)
(381 76 69 3/8 0)
(3051/8 76 69 1/8 0)
(763/2 76 69 3/4 0)
(1529/4 76 69 1/4 0)
(765/2 74 68 1/2 0)
(383 78 70 1 0)
(384 76 69 1/2 0)
(769/2 74 68 5/2 0)
(387 74 68 1/2 0)
(775/2 71 66 1 0)
(777/2 74 68 1/2 0)
(389 79 71 1 0)
(390 83 73 1/2 0)
(781/2 81 72 1 0)
(783/2 79 71 1/2 0)
(392 76 69 1 0)
(393 79 71 1/2 0)
(787/2 78 70 1 0)
(789/2 69 65 1/2 0)
(395 76 69 1/2 0)
(791/2 76 69 1/2 0)
(396 78 70 1/2 0)
(793/2 79 71 5/2 0)
(399 62 61 1/2 0)
(799/2 62 61 1/2 0)
(400 64 62 1/2 0)
(801/2 66 63 1/2 0)
(401 67 64 3/4 0)
(1607/4 67 64 1/4 0)
(402 66 63 1/2 0)
(805/2 66 63 1/2 0)
(403 64 62 2 0)
(405 64 62 1/4 0)
(1621/4 64 62 1/4 0)
(811/2 64 62 1/2 0)
(406 69 65 1/2 0)
(813/2 67 64 1/2 0)
(407 66 63 1 0)
(408 67 64 1/2 0)
(817/2 62 61 5/2 0)
(411 62 61 1/2 0)
(823/2 62 61 1/2 0)
(412 59 59 1/2 0)
(825/2 62 61 1/2 0)
(413 67 64 1/2 0)
(827/2 69 65 1/2 0)
(414 71 66 1/2 0)
(829/2 69 65 1 0)
(831/2 66 63 1/2 0)
(416 64 62 1/2 0)
(833/2 69 65 1/2 0)
(417 67 64 1/2 0)
(835/2 66 63 3/4 0)
(1673/4 66 63 1/4 0)
(837/2 64 62 1/2 0)
(419 62 61 1/2 0)
(839/2 64 62 1/2 0)
(420 66 63 1/2 0)
(841/2 67 64 5/2 0)
(423 74 68 1/2 0)
(847/2 74 68 1/2 0)
(424 73 67 1/2 0)
(849/2 74 68 1/2 0)
(425 76 69 1 0)
(426 74 68 1/2 0)
(853/2 71 66 1/2 0)
(427 67 64 2 0)
(429 74 68 1/2 0)
(859/2 74 68 1/2 0)
(430 73 67 1/2 0)
(861/2 74 68 1/2 0)
(431 76 69 1 0)
(432 74 68 1/2 0)
(865/2 71 66 5/2 0)
(435 74 68 3/8 0)
(3483/8 74 68 1/8 0)
(871/2 74 68 1/2 0)
(436 76 69 1/2 0)
(873/2 78 70 1/2 0)
(437 79 71 1 0)
(438 78 70 1/2 0)
(877/2 78 70 1/2 0)
(439 76 69 2 0)
(441 69 65 1/2 0)
(883/2 69 65 1/2 0)
(442 71 66 1/2 0)
(885/2 69 65 1/2 0)
(443 78 70 1 0)
(444 76 69 1/2 0)
(889/2 74 68 5/2 0)
(447 74 68 3/8 0)
(3579/8 74 68 1/8 0)
(895/2 74 68 1/2 0)
(448 76 69 1/2 0)
(897/2 78 70 1/2 0)
(449 79 71 1 0)
(450 78 70 1/2 0)
(901/2 78 70 1/2 0)
(451 76 69 2 0)
(453 69 65 1/2 0)
(907/2 69 65 1/2 0)
(454 71 66 1/2 0)
(909/2 69 65 1/2 0)
(455 78 70 1 0)
(456 76 69 1/2 0)
(913/2 74 68 5/2 0)
(459 74 68 1/2 0)
(919/2 67 64 1/2 0)
(460 71 66 1/2 0)
(921/2 74 68 1/2 0)
(461 79 71 1 0)
(462 79 71 1/2 0)
(925/2 78 70 1/2 0)
(463 76 69 2 0)
(465 67 64 1/2 0)
(931/2 69 65 1 0)
(933/2 72 67 1/2 0)
(467 78 70 1 0)
(468 76 69 1/2 0)
(937/2 74 68 5/2 0)
(471 74 68 1/2 0)
(943/2 67 64 1/2 0)
(472 71 66 1/2 0)
(945/2 74 68 1/2 0)
(473 79 71 1/2 0)
(947/2 81 72 1/2 0)
(474 83 73 1/2 0)
(949/2 81 72 1 0)
(951/2 78 70 1/2 0)
(476 76 69 1/2 0)
(953/2 81 72 1/2 0)
(477 79 71 1/2 0)
(955/2 78 70 1 0)
(957/2 76 69 1/2 0)
(479 74 68 1/2 0)
(959/2 76 69 1/2 0)
(480 78 70 1/2 0)
(961/2 79 71 5/2 0)
(483 74 68 1/2 0)
(967/2 67 64 1/2 0)
(484 71 66 1/2 0)
(969/2 74 68 1/2 0)
(485 79 71 1/2 0)
(971/2 81 72 1/2 0)
(486 83 73 1/2 0)
(973/2 81 72 1 0)
(975/2 78 70 1/2 0)
(488 76 69 1/2 0)
(977/2 78 70 1/2 0)
(489 79 71 1/2 0)
(979/2 78 70 1 0)
(981/2 76 69 1/2 0)
(491 74 68 1/2 0)
(983/2 76 69 1/2 0)
(492 78 70 1/2 0)
(985/2 79 71 5/2 0)
(495 62 61 1/2 0)
(991/2 62 61 1/2 0)
(496 59 59 1/2 0)
(993/2 62 61 1/2 0)
(497 67 64 1 0)
(498 66 63 1/2 0)
(997/2 66 63 1/2 0)
(499 64 62 2 0)
(501 64 62 1/2 0)
(1003/2 64 62 1/2 0)
(502 66 63 1/2 0)
(1005/2 67 64 1/2 0)
(503 66 63 1 0)
(504 67 64 1/2 0)
(1009/2 62 61 1 0)
(1011/2 62 61 1/2 0)
(506 62 61 1 0)
(507 62 61 1/2 0)
(1015/2 67 64 1/2 0)
(508 69 65 1/2 0)
(1017/2 71 66 1/2 0)
(509 69 65 3/2 0)
(1021/2 64 62 1 0)
(1023/2 66 63 1/2 0)
(512 66 63 1 0)
(513 66 63 1/2 0)
(1027/2 62 61 1/2 0)
(514 64 62 1/2 0)
(1029/2 66 63 1/2 0)
(515 67 64 5/2 0)
(1035/2 62 61 1/2 0)
(518 62 61 1/2 0)
(1037/2 59 59 1/2 0)
(519 62 61 1/2 0)
(1039/2 67 64 1 0)
(1041/2 67 64 1/2 0)
(521 66 63 1/2 0)
(1043/2 64 62 2 0)
(1047/2 64 62 1/4 0)
(2095/4 64 62 1/4 0)
(524 64 62 1/2 0)
(1049/2 66 63 1/2 0)
(525 67 64 1/2 0)
(1051/2 66 63 1 0)
(1053/2 64 62 1/2 0)
(527 62 61 5/2 0)
(1059/2 62 61 1/2 0)
(530 62 61 1/2 0)
(1061/2 59 59 1/2 0)
(531 62 61 1/2 0)
(1063/2 67 64 1/2 0)
(532 69 65 1/2 0)
(1065/2 71 66 1/2 0)
(533 69 65 1 0)
(534 67 64 1/2 0)
(1069/2 64 62 1 0)
(1071/2 67 64 1/2 0)
(536 66 63 1/2 0)
(1073/2 66 63 1/2 0)
(537 64 62 1/2 0)
(1075/2 62 61 1/2 0)
(538 64 62 1/2 0)
(1077/2 66 63 1/2 0)
(539 67 64 5/2 0)
(1083/2 62 61 1/2 0)
(542 62 61 1/2 0)
(1085/2 59 59 1/2 0)
(543 62 61 1/2 0)
(1087/2 67 64 1/2 0)
(544 69 65 1/2 0)
(1089/2 71 66 1/2 0)
(545 69 65 1 0)
(546 67 64 1/2 0)
(1093/2 64 62 1 0)
(1095/2 67 64 1/2 0)
(548 66 63 1/2 0)
(1097/2 66 63 1/2 0)
(549 64 62 1/2 0)
(1099/2 62 61 1/2 0)
(550 64 62 1/2 0)
(1101/2 66 63 1/2 0)
(551 67 64 5/2 0)
(1107/2 74 68 1/2 0)
(554 67 64 1 0)
(555 74 68 1/2 0)
(1111/2 79 71 1 0)
(1113/2 79 71 1/2 0)
(557 78 70 1/2 0)
(1115/2 76 69 2 0)
(1119/2 69 65 1/2 0)
(560 72 67 1 0)
(561 74 68 1/2 0)
(1123/2 78 70 1 0)
(1125/2 76 69 1/2 0)
(563 74 68 5/2 0)
(1131/2 74 68 1/2 0)
(566 67 64 1/2 0)
(1133/2 71 66 1/2 0)
(567 74 68 1/2 0)
(1135/2 79 71 1/2 0)
(568 81 72 1/2 0)
(1137/2 83 73 1/2 0)
(569 81 72 1 0)
(570 79 71 1/2 0)
(1141/2 76 69 1/2 0)
(571 78 70 1/2 0)
(1143/2 79 71 1/2 0)
(572 78 70 1 0)
(573 76 69 1/2 0)
(1147/2 74 68 1/2 0)
(574 76 69 1/2 0)
(1149/2 78 70 1/2 0)
(575 79 71 5/2 0)
(1155/2 74 68 1/2 0)
(578 67 64 1/2 0)
(1157/2 71 66 1/2 0)
(579 74 68 1/2 0)
(1159/2 79 71 1/2 0)
(580 81 72 1/2 0)
(1161/2 83 73 1/2 0)
(581 81 72 1 0)
(582 79 71 1/2 0)
(1165/2 76 69 1/2 0)
(583 78 70 1/2 0)
(1167/2 79 71 1/2 0)
(584 78 70 1 0)
(585 76 69 1/2 0)
(1171/2 74 68 1/2 0)
(586 76 69 1/2 0)
(1173/2 78 70 1/2 0)
(587 79 71 5/2 0)
